
Comms Startup 
533
542 c:3.1414,0,0 w:0.0000,0.0000,0.0000 q:0.000000,0.000000,0.000000 0.000000 wh:44,44,44,43 p:570,557 
650 c:3.1414,0,0 w:0.0000,0.0000,0.0000 q:0.000000,0.000000,0.000000 0.000000 wh:45,43,45,46 p:581,557 
759 c:3.1414,0,0 w:0.0000,0.0000,0.0000 q:0.000000,0.000000,0.000000 0.000000 wh:44,44,44,43 p:569,549 
869 c:3.1414,0,0 w:0.0000,0.0000,0.0000 q:0.000000,0.000000,0.000000 0.000000 wh:44,44,44,43 p:569,549 
977 c:3.1414,0,0 w:0.0000,0.0000,0.0000 q:0.000000,0.000000,0.000000 0.000000 wh:45,45,44,44 p:558,551 
1090 c:3.1414,0,0 w:0.0000,0.0000,0.0000 q:0.000000,0.000000,0.000000 0.000000 wh:44,44,44,43 p:564,552 
1200 c:3.1414,0,0 w:0.0000,0.0000,0.0000 q:0.000000,0.000000,0.000000 0.000000 wh:44,44,44,43 p:564,552 
1309 c:3.1414,0,0 w:0.0000,0.0000,0.0000 q:0.000000,0.000000,0.000000 0.000000 wh:44,44,44,43 p:547,548 
1420 c:3.1414,0,0 w:0.0000,0.0000,0.0000 q:0.000000,0.000000,0.000000 0.000000 wh:44,44,44,43 p:566,549 
1530 c:3.1414,0,0 w:0.0000,0.0000,0.0000 q:0.000000,0.000000,0.000000 0.000000 wh:44,44,44,43 p:566,549 
1644 c:3.1414,0,0 w:0.0000,0.0000,0.0000 q:0.000000,0.000000,0.000000 0.000000 wh:44,44,44,43 p:565,550 
1753 c:3.1414,0,0 w:0.0000,0.0000,0.0000 q:0.000000,0.000000,0.000000 0.000000 wh:44,44,44,43 p:560,553 
1863 c:3.1414,0,0 w:0.0000,0.0000,0.0000 q:0.000000,0.000000,0.000000 0.000000 wh:44,44,44,43 p:560,553 
1974 c:3.1414,0,0 w:0.0000,0.0000,0.0000 q:0.000000,0.000000,0.000000 0.000000 wh:44,44,44,43 p:554,548 
2083 c:3.1414,0,0 w:0.0000,0.0000,0.0000 q:0.000000,0.000000,0.000000 0.000000 wh:44,44,44,43 p:547,548 
2197 c:3.1414,0,0 w:0.0000,0.0000,0.0000 q:0.000000,0.000000,0.000000 0.000000 wh:44,44,44,43 p:547,548 
2307 c:3.1414,0,0 w:-0.0007,0.0001,-0.0001 q:0.999989,0.001335,-0.003313 0.000520 wh:45,44,45,44 p:558,549 
2419 c:3.1414,0,0 w:0.0017,0.0011,-0.0010 q:0.999989,0.001435,-0.003245 0.000488 wh:44,44,44,43 p:572,552 
2532 c:3.1414,0,0 w:0.0017,0.0011,-0.0010 q:0.999989,0.001435,-0.003245 0.000488 wh:44,44,44,43 p:572,552 
2644 c:3.1414,0,0 w:0.0025,0.0031,0.0010 q:0.999989,0.001460,-0.003181 0.000492 wh:44,44,44,43 p:554,547 
2759 c:3.1414,0,0 w:0.0016,-0.0011,0.0002 q:0.999989,0.001574,-0.003157 0.000487 wh:44,44,44,43 p:571,547 
2871 c:3.1414,0,0 w:0.0016,-0.0011,0.0002 q:0.999989,0.001574,-0.003157 0.000487 wh:44,44,44,43 p:571,547 
2982 c:3.1414,0,0 w:0.0017,0.0021,0.0013 q:0.999989,0.001720,-0.003037 0.000575 wh:44,44,44,43 p:558,551 
3094 c:3.1414,0,0 w:0.0023,0.0022,0.0005 q:0.999989,0.001799,-0.002961 0.000663 wh:44,44,44,43 p:556,550 
3209 c:3.1414,0,0 w:-0.0001,0.0013,0.0005 q:0.999990,0.001834,-0.002921 0.000663 wh:44,45,44,44 p:559,548 
3320 c:3.1414,0,0 w:-0.0001,0.0013,0.0005 q:0.999990,0.001834,-0.002921 0.000663 wh:44,45,44,44 p:559,548 
3433 c:3.1414,0,0 w:-0.0024,-0.0019,-0.0027 q:0.999989,0.001779,-0.003018 0.000538 wh:44,44,44,43 p:554,547 
3548 c:3.1414,0,0 w:0.0023,-0.0001,0.0013 q:0.999989,0.002048,-0.002930 0.000668 wh:44,44,44,43 p:564,551 
3659 c:3.1414,0,0 w:0.0023,-0.0001,0.0013 q:0.999989,0.002048,-0.002930 0.000668 wh:44,44,44,43 p:564,551 
3776 c:3.1414,0,0 w:0.0046,0.0014,0.0000 q:0.999989,0.002256,-0.002864 0.000731 wh:44,44,44,43 p:546,550 
3886 c:3.1414,0,0 w:0.0011,-0.0008,-0.0013 q:0.999988,0.002314,-0.002937 0.000633 wh:44,44,44,44 p:570,549 
3999 c:3.1414,0,0 w:0.0011,-0.0008,-0.0013 q:0.999988,0.002314,-0.002937 0.000633 wh:44,44,44,44 p:570,549 
4113 c:3.1414,0,0 w:-0.0001,-0.0018,0.0010 q:0.999988,0.002442,-0.002936 0.000663 wh:44,44,44,43 p:550,548 
4226 c:3.1414,0,0 w:0.0034,0.0014,0.0005 q:0.999988,0.002605,-0.002908 0.000744 wh:44,44,44,43 p:566,551 
4341 c:3.1414,0,0 w:0.0034,0.0014,0.0005 q:0.999988,0.002605,-0.002908 0.000744 wh:44,44,44,43 p:566,551 
4451 c:3.1414,0,0 w:-0.0006,-0.0013,-0.0021 q:0.999988,0.002532,-0.003029 0.000658 wh:44,44,44,43 p:570,548 
4566 c:3.1414,0,0 w:-0.0033,-0.0036,-0.0006 q:0.999987,0.002492,-0.003138 0.000669 wh:44,44,44,43 p:565,549 
4680 c:3.1414,0,0 w:-0.0033,-0.0036,-0.0006 q:0.999987,0.002492,-0.003138 0.000669 wh:44,44,44,43 p:565,549 
4794 c:3.1414,0,0 w:0.0022,0.0016,-0.0009 q:0.999987,0.002698,-0.003026 0.000637 wh:44,44,44,43 p:579,548 
4903 c:3.1414,0,0 w:0.0014,0.0011,0.0005 q:0.999987,0.002851,-0.003010 0.000695 wh:44,44,44,43 p:565,552 
5018 c:3.1414,0,0 w:0.0014,0.0011,0.0005 q:0.999987,0.002851,-0.003010 0.000695 wh:44,44,44,43 p:565,552 
5129 c:3.1414,0,0 w:0.0036,0.0030,-0.0003 q:0.999987,0.002971,-0.002911 0.000680 wh:44,43,44,43 p:567,548 
5241 c:3.1414,0,0 w:0.0011,-0.0011,-0.0010 q:0.999986,0.003152,-0.002836 0.000625 wh:-18048,14994,21568,-17770 p:570,547 
5372 c:3.1414,0,0 w:0.0011,-0.0011,-0.0010 q:0.999986,0.003152,-0.002836 0.000625 wh:-18048,14994,21568,-17770 p:570,547 
5499 c:3.1414,0,0 w:0.0020,-0.0013,-0.0006 q:0.999986,0.003379,-0.002832 0.000647 wh:27040,15109,22656,-17750 p:562,551 
5626 c:3.1414,0,1 w:0.0022,0.0011,0.0002 q:0.999986,0.003516,-0.002713 0.000669 wh:27584,15119,-4992,14997 p:566,549 
5750 c:3.1414,0,1 w:0.0031,0.0022,0.0000 q:0.999985,0.003562,-0.002707 0.000646 wh:30912,15179,1376,15121 p:564,549 
5877 c:3.1414,0,1 w:0.0031,0.0022,0.0000 q:0.999985,0.003562,-0.002707 0.000646 wh:30912,15179,1376,15121 p:564,549 
5998 c:3.1414,0,1 w:-0.0029,-0.0031,0.0008 q:0.999986,0.003561,-0.002653 0.000675 wh:-9408,-17606,17952,-17587 p:566,549 
6127 c:3.1414,0,1 w:-0.0003,-0.0004,0.0013 q:0.999985,0.003572,-0.002709 0.000741 wh:-19200,-18043,-1280,-17976 p:562,552 
6255 c:3.1414,0,1 w:0.0019,-0.0001,-0.0003 q:0.999985,0.003704,-0.002689 0.000758 wh:-12544,15094,23552,-18269 p:546,547 
6383 c:3.1414,0,1 w:0.0019,-0.0001,-0.0003 q:0.999985,0.003704,-0.002689 0.000758 wh:-12544,15094,23552,-18269 p:546,547 
6515 c:3.1414,0,1 w:0.0033,0.0001,0.0000 q:0.999984,0.003926,-0.002621 0.000817 wh:31488,15189,-6144,14492 p:560,549 
6638 c:3.1414,0,1 w:0.0007,0.0002,0.0010 q:0.999984,0.003997,-0.002562 0.000833 wh:22912,14893,-27136,14702 p:558,551 
6762 c:3.1414,0,1 w:0.0007,0.0002,0.0010 q:0.999984,0.003997,-0.002562 0.000833 wh:22912,14893,-27136,14702 p:558,551 
6887 c:3.1414,0,1 w:0.0022,0.0007,-0.0006 q:0.999984,0.004020,-0.002589 0.000804 wh:27584,15119,-16640,14899 p:557,549 
7017 c:3.1414,0,1 w:-0.0029,-0.0007,-0.0003 q:0.999984,0.003914,-0.002651 0.000838 wh:-9408,-17606,-29056,-17868 p:564,547 
7146 c:3.1414,0,1 w:0.0034,0.0002,-0.0007 q:0.999984,0.004071,-0.002622 0.000890 wh:32032,15199,-27136,14702 p:575,553 
7272 c:3.1414,0,1 w:0.0034,0.0002,-0.0007 q:0.999984,0.004071,-0.002622 0.000890 wh:32032,15199,-27136,14702 p:575,553 
7398 c:3.1414,0,1 w:0.0020,0.0050,0.0006 q:0.999983,0.004195,-0.002544 0.000895 wh:27040,15109,-27120,15266 p:567,549 
7526 c:3.1414,0,1 w:0.0010,-0.0033,-0.0009 q:0.999983,0.004244,-0.002588 0.000883 wh:27264,14973,18464,-17577 p:565,550 
7652 c:3.1414,0,1 w:0.0010,-0.0033,-0.0009 q:0.999983,0.004244,-0.002588 0.000883 wh:27264,14973,18464,-17577 p:565,550 
7779 c:3.1414,0,1 w:-0.0018,0.0037,0.0013 q:0.999983,0.004322,-0.002420 0.000963 wh:-26496,-17687,6880,15221 p:562,551 
7905 c:3.1414,0,1 w:0.0007,0.0011,0.0006 q:0.999983,0.004344,-0.002385 0.000892 wh:22912,14893,-4992,14997 p:575,551 
8032 c:3.1414,0,1 w:0.0019,-0.0008,-0.0003 q:0.999982,0.004537,-0.002420 0.000855 wh:-12544,15094,-26880,-17828 p:565,549 
8160 c:3.1414,0,1 w:0.0019,-0.0008,-0.0003 q:0.999982,0.004537,-0.002420 0.000855 wh:-12544,15094,-26880,-17828 p:565,549 
8289 c:3.1414,0,1 w:-0.0013,-0.0001,0.0005 q:0.999982,0.004651,-0.002269 0.000859 wh:-29888,-17747,23552,-18269 p:568,550 
8419 c:3.1414,0,1 w:0.0014,0.0022,-0.0006 q:0.999982,0.004741,-0.002131 0.000854 wh:-15808,15034,1376,15121 p:560,551 
8547 c:3.1414,0,1 w:0.0016,0.0018,0.0002 q:0.999982,0.004721,-0.002201 0.000820 wh:-14720,15054,-640,15077 p:575,549 
8670 c:3.1414,0,1 w:0.0016,0.0018,0.0002 q:0.999982,0.004721,-0.002201 0.000820 wh:-14720,15054,-640,15077 p:575,549 
8793 c:3.1414,0,1 w:-0.0039,0.0013,-0.0001 q:0.999982,0.004635,-0.002180 0.000791 wh:30000,-17536,-3904,15017 p:562,549 
8920 c:3.1414,0,1 w:0.0054,0.0025,0.0006 q:0.999981,0.004866,-0.002067 0.000692 wh:-13168,15280,2464,15141 p:555,551 
9043 c:3.1414,0,1 w:0.0054,0.0025,0.0006 q:0.999981,0.004866,-0.002067 0.000692 wh:-13168,15280,2464,15141 p:555,551 
9171 c:3.1414,0,1 w:0.0020,-0.0002,0.0187 q:0.999979,0.005190,-0.002086 0.001441 wh:27040,15109,-11264,-18063 p:553,543 
9296 c:3.1414,0,1 w:0.0040,-0.0059,0.0022 q:0.999979,0.005090,-0.002036 0.001541 wh:-15664,15235,-18832,-17472 p:544,541 
9424 c:3.1414,0,1 w:-0.0021,0.0019,0.0020 q:0.999980,0.005057,-0.001781 0.001613 wh:-12160,-17656,576,15098 p:541,548 
9549 c:3.1414,0,1 w:-0.0021,0.0019,0.0020 q:0.999980,0.005057,-0.001781 0.001613 wh:-12160,-17656,576,15098 p:541,548 
9678 c:3.1414,0,1 w:-0.0016,-0.0011,-0.0001 q:0.999980,0.005117,-0.001764 0.001539 wh:-27648,-17707,21568,-17770 p:558,542 
9807 c:3.1414,0,1 w:0.0022,0.0031,0.0000 q:0.999980,0.005138,-0.001698 0.001528 wh:27584,15119,4672,15181 p:553,544 
9929 c:3.1414,0,1 w:0.0022,0.0031,0.0000 q:0.999980,0.005138,-0.001698 0.001528 wh:27584,15119,4672,15181 p:553,544 
10052 c:3.1414,0,1 w:0.0037,0.0014,-0.0006 q:0.999979,0.005301,-0.001670 0.001490 wh:-32416,15219,-2816,15037 p:541,545 
10183 c:3.1414,0,1 w:0.0020,0.0021,0.0016 q:0.999979,0.005363,-0.001579 0.001556 wh:27040,15109,832,15111 p:551,545 
10305 c:3.1414,0,1 w:0.0016,0.0011,-0.0007 q:0.999978,0.005495,-0.001435 0.001487 wh:-14720,15054,-4992,14997 p:557,544 
10432 c:3.1414,0,1 w:0.0016,0.0011,-0.0007 q:0.999978,0.005495,-0.001435 0.001487 wh:-14720,15054,-4992,14997 p:557,544 
10558 c:3.1414,0,1 w:-0.0030,0.0014,-0.0009 q:0.999978,0.005544,-0.001294 0.001417 wh:-8864,-17596,-2816,15037 p:554,544 
10690 c:3.1414,0,1 w:-0.0021,0.0056,-0.0003 q:0.999978,0.005699,-0.001015 0.001375 wh:-12160,-17656,-26032,15286 p:557,544 
10819 c:3.1414,0,1 w:0.0004,0.0042,0.0020 q:0.999977,0.005815,-0.000939 0.001488 wh:-28672,14778,-28496,15241 p:538,543 
10946 c:3.1414,0,1 w:0.0004,0.0042,0.0020 q:0.999977,0.005815,-0.000939 0.001488 wh:-28672,14778,-28496,15241 p:538,543 
11073 c:3.1414,0,1 w:-0.0003,-0.0004,0.0005 q:0.999977,0.005852,-0.000905 0.001496 wh:-19200,-18043,-1280,-17976 p:562,543 
11203 c:3.1414,0,1 w:0.0031,0.0025,0.0016 q:0.999976,0.006044,-0.000798 0.001536 wh:30912,15179,2464,15141 p:543,546 
11330 c:3.1414,0,1 w:0.0031,0.0025,0.0016 q:0.999976,0.006115,-0.000798 0.001536 wh:30912,15179,2464,15141 p:551,542 
11454 c:3.1414,0,1 w:0.0033,0.0024,-0.0003 q:0.999976,0.006115,-0.000684 0.001498 wh:31488,15189,1920,15131 p:551,542 
11579 c:3.1414,0,1 w:-0.0004,0.0010,-0.0009 q:0.999975,0.006232,-0.000544 0.001499 wh:-14848,-17963,-6080,14977 p:544,541 
11708 c:3.1414,0,1 w:0.0013,0.0011,-0.0001 q:0.999973,0.006504,-0.000339 0.001522 wh:-16896,15014,-4992,14997 p:548,546 
11838 c:3.1414,0,1 w:0.0013,0.0011,-0.0001 q:0.999973,0.006504,-0.000339 0.001522 wh:-16896,15014,-4992,14997 p:548,546 
11964 c:3.1414,0,1 w:0.0036,0.0024,0.0014 q:0.999973,0.006594,-0.000299 0.001558 wh:32576,15209,1920,15131 p:548,541 
12088 c:3.1414,0,1 w:-0.0029,-0.0021,-0.0016 q:0.999973,0.006509,-0.000387 0.001530 wh:-9408,-17606,14112,-17657 p:551,542 
12218 c:3.1414,0,1 w:0.0017,0.0007,-0.0001 q:0.999972,0.006662,-0.000231 0.001568 wh:-13632,15074,-16640,14899 p:556,546 
12349 c:3.1414,0,1 w:0.0017,0.0007,-0.0001 q:0.999972,0.006662,-0.000231 0.001568 wh:-13632,15074,-16640,14899 p:556,546 
12476 c:3.1414,0,1 w:0.0030,0.0018,0.0005 q:0.999971,0.006807,-0.000092 0.001636 wh:30368,15169,-640,15077 p:539,543 
12600 c:3.1414,0,1 w:0.0013,0.0018,-0.0007 q:0.999970,0.006914,0.000013 0.001644 wh:-16896,15014,-640,15077 p:555,542 
12725 c:3.1414,0,1 w:0.0013,0.0018,-0.0007 q:0.999970,0.006914,0.000013 0.001644 wh:-16896,15014,-640,15077 p:555,542 
12854 c:3.1414,0,1 w:0.0007,-0.0010,0.0019 q:0.999969,0.007048,0.000153 0.001760 wh:22912,14893,20416,-17790 p:555,544 
12978 c:3.1414,0,1 w:-0.0006,-0.0002,0.0000 q:0.999969,0.007116,0.000141 0.001790 wh:-5248,-17902,-11264,-18063 p:549,543 
13107 c:3.1414,0,1 w:-0.0007,-0.0010,0.0005 q:0.999968,0.007148,0.000139 0.001838 wh:-3072,-17862,20416,-17790 p:550,542 
13235 c:3.1414,0,1 w:-0.0007,-0.0010,0.0005 q:0.999968,0.007148,0.000139 0.001838 wh:-3072,-17862,20416,-17790 p:550,542 
13367 c:3.1414,0,1 w:0.0011,-0.0002,0.0005 q:0.999967,0.007382,0.000285 0.001869 wh:-18048,14994,-11264,-18063 p:552,543 
13494 c:3.1414,0,1 w:0.0028,0.0013,0.0016 q:0.999965,0.007592,0.000380 0.001926 wh:29824,15159,-3904,15017 p:551,544 
13618 c:3.1414,0,1 w:0.0036,0.0025,-0.0009 q:0.999964,0.007731,0.000409 0.001920 wh:32576,15209,2464,15141 p:561,542 
13756 c:3.1414,0,1 w:0.0036,0.0025,-0.0009 q:0.999964,0.007731,0.000409 0.001920 wh:32576,15209,2464,15141 p:561,542 
13888 c:3.1414,0,1 w:-0.0030,-0.0030,-0.0032 q:0.999965,0.007622,0.000318 0.001782 wh:-8864,-17596,17376,-17597 p:562,542 
14019 c:3.1414,0,1 w:0.0023,0.0019,0.0016 q:0.999963,0.007886,0.000493 0.001839 wh:28160,15129,576,15098 p:546,544 
14140 c:3.1414,0,1 w:0.0042,0.0018,-0.0001 q:0.999961,0.008069,0.000580 0.001825 wh:-15392,15240,-640,15077 p:545,541 
14265 c:3.1414,0,1 w:0.0042,0.0018,-0.0001 q:0.999961,0.008069,0.000580 0.001825 wh:-15392,15240,-640,15077 p:545,541 
14390 c:3.1414,0,1 w:0.0004,-0.0010,-0.0006 q:0.999961,0.008140,0.000611 0.001796 wh:-28672,14778,20416,-17790 p:541,543 
14522 c:3.1414,0,1 w:0.0004,0.0010,-0.0001 q:0.999959,0.008284,0.000731 0.001800 wh:-28672,14778,-6080,14977 p:555,544 
14647 c:3.1414,0,1 w:-0.0012,-0.0001,-0.0010 q:0.999960,0.008174,0.000760 0.001771 wh:-30976,-17767,23552,-18269 p:546,542 
14777 c:3.1414,0,1 w:-0.0012,-0.0001,-0.0010 q:0.999960,0.008174,0.000760 0.001771 wh:-30976,-17767,23552,-18269 p:546,542 
14907 c:3.1414,0,1 w:0.0030,0.0024,0.0003 q:0.999958,0.008389,0.001006 0.001734 wh:30368,15169,1920,15131 p:537,541 
15033 c:3.1414,0,1 w:0.0025,0.0011,-0.0004 q:0.999957,0.008532,0.001115 0.001774 wh:28736,15139,-4992,14997 p:557,546 
15157 c:3.1414,0,1 w:0.0025,0.0011,-0.0004 q:0.999957,0.008532,0.001115 0.001774 wh:28736,15139,-4992,14997 p:557,546 
15282 c:3.1414,0,1 w:0.0054,0.0024,-0.0012 q:0.999955,0.008745,0.001233 0.001710 wh:-13168,15280,1920,15131 p:554,541 
15407 c:3.1414,0,1 w:-0.0033,-0.0034,-0.0004 q:0.999956,0.008658,0.001215 0.001699 wh:-7744,-17576,19040,-17567 p:546,541 
15539 c:3.1414,0,1 w:0.0045,0.0018,0.0017 q:0.999953,0.008930,0.001350 0.001721 wh:-14816,15250,-640,15077 p:536,544 
15662 c:3.1414,0,1 w:0.0045,0.0018,0.0017 q:0.999953,0.008930,0.001350 0.001721 wh:-14816,15250,-640,15077 p:536,544 
15785 c:3.1414,0,1 w:0.0016,0.0027,-0.0009 q:0.999952,0.009038,0.001508 0.001699 wh:44,44,44,43 p:438,512 
15898 c:3.1414,0,1 w:0.0016,0.0014,0.0010 q:0.999950,0.009235,0.001649 0.001779 wh:44,48,44,45 p:173,385 
16009 c:3.1414,0,1 w:0.0016,0.0014,0.0010 q:0.999950,0.009235,0.001649 0.001779 wh:44,48,44,45 p:173,385 
16123 c:3.1414,0,1 w:0.0138,0.0879,-0.0140 q:0.999937,0.009939,0.004039 0.001316 wh:97,103,99,96 p:222,428 
16236 c:3.1414,0,1 w:0.0135,-0.0685,0.3322 q:0.999463,0.010729,0.001823 0.030769 wh:132,130,133,135 p:452,501 
16353 c:3.1414,0,1 w:0.0135,-0.0685,0.3322 q:0.999463,0.010729,0.001823 0.030769 wh:132,130,133,135 p:452,501 
16470 c:3.1414,0,1 w:0.0741,0.0708,-0.2991 q:0.999272,0.016051,0.004615 0.034184 wh:184,162,182,199 p:471,507 
16586 c:3.1414,0,1 w:0.0978,-0.0036,-0.1069 q:0.999198,0.020857,0.005353 0.033640 wh:210,179,209,241 p:473,503 
16707 c:3.1414,0,1 w:0.1222,0.0173,0.0720 q:0.999270,0.028902,0.006755 0.023863 wh:224,183,224,258 p:479,512 
16821 c:3.1414,0,1 w:0.1222,0.0173,0.0720 q:0.999270,0.028902,0.006755 0.023863 wh:224,183,224,258 p:479,512 
16936 c:3.1414,0,1 w:-0.1547,-0.0015,-0.3271 q:0.999732,0.019410,0.006122 0.010672 wh:243,192,244,294 p:515,514 
17055 c:3.1414,0,1 w:0.0014,0.0118,-0.6918 q:0.999383,0.019654,0.006932 -0.028112 wh:258,196,256,325 p:511,520 
17176 c:3.1414,0,1 w:0.0014,0.0118,-0.6918 q:0.999383,0.019654,0.006932 -0.028112 wh:258,196,256,325 p:511,520 
17293 c:3.1414,0,1 w:-0.0042,0.0060,0.0057 q:0.999162,0.019566,0.007456 -0.035044 wh:261,194,258,336 p:526,520 
17411 c:3.1414,0,1 w:-0.0039,0.0065,-0.0018 q:0.999151,0.019656,0.007715 -0.035266 wh:264,185,267,357 p:525,525 

Comms Startup 
499
525 c:3.1414,0,0 w:0.0000,0.0000,0.0000 q:0.000000,0.000000,0.000000 0.000000 wh:61,68,62,57 p:129,289 
636 c:3.1414,0,0 w:0.0000,0.0000,0.0000 q:0.000000,0.000000,0.000000 0.000000 wh:90,101,88,85 p:275,337 
745 c:3.1414,0,0 w:0.0000,0.0000,0.0000 q:0.000000,0.000000,0.000000 0.000000 wh:152,149,149,149 p:413,365 
859 c:3.1414,0,0 w:0.0000,0.0000,0.0000 q:0.000000,0.000000,0.000000 0.000000 wh:152,149,149,149 p:413,365 
971 c:3.1414,0,0 w:0.0000,0.0000,0.0000 q:0.000000,0.000000,0.000000 0.000000 wh:190,183,185,187 p:417,368 
1085 c:3.1414,0,0 w:0.0000,0.0000,0.0000 q:0.000000,0.000000,0.000000 0.000000 wh:201,197,197,201 p:422,369 
1203 c:3.1414,0,0 w:0.0000,0.0000,0.0000 q:0.000000,0.000000,0.000000 0.000000 wh:201,197,197,201 p:422,369 
1316 c:3.1414,0,0 w:0.0000,0.0000,0.0000 q:0.000000,0.000000,0.000000 0.000000 wh:222,219,220,218 p:445,374 
1431 c:3.1414,0,0 w:0.0000,0.0000,0.0000 q:0.000000,0.000000,0.000000 0.000000 wh:231,230,229,230 p:469,378 
1545 c:3.1414,0,0 w:0.0000,0.0000,0.0000 q:0.000000,0.000000,0.000000 0.000000 wh:241,241,241,241 p:465,380 
1659 c:3.1414,0,0 w:0.0000,0.0000,0.0000 q:0.000000,0.000000,0.000000 0.000000 wh:241,241,241,241 p:465,380 
1777 c:3.1414,0,0 w:0.0000,0.0000,0.0000 q:0.000000,0.000000,0.000000 0.000000 wh:246,248,249,250 p:478,381 
1890 c:3.1414,0,0 w:0.0000,0.0000,0.0000 q:0.000000,0.000000,0.000000 0.000000 wh:253,252,251,254 p:484,382 
2004 c:3.1414,0,0 w:0.0000,0.0000,0.0000 q:0.000000,0.000000,0.000000 0.000000 wh:253,252,251,254 p:484,382 
2119 c:3.1414,0,0 w:0.0000,0.0000,0.0000 q:0.000000,0.000000,0.000000 0.000000 wh:258,254,255,258 p:498,383 
2237 c:3.1414,0,0 w:-0.0024,0.0090,0.0040 q:0.999941,-0.003499,0.009524 0.002662 wh:259,257,259,259 p:476,384 
2353 c:3.1414,0,0 w:-0.0024,0.0090,0.0040 q:0.999941,-0.003499,0.009524 0.002662 wh:259,257,259,259 p:476,384 
2469 c:3.1414,0,0 w:0.0050,0.0003,0.0015 q:0.999941,-0.003190,0.009558 0.002709 wh:262,259,263,260 p:504,384 
2584 c:3.1414,0,0 w:-0.0092,-0.0038,-0.0020 q:0.999945,-0.003201,0.009159 0.002714 wh:264,260,264,264 p:495,385 
2703 c:3.1414,0,0 w:-0.0092,-0.0038,-0.0020 q:0.999945,-0.003201,0.009159 0.002714 wh:264,260,264,264 p:495,385 
2825 c:3.1414,0,0 w:0.0125,0.0080,0.0003 q:0.999939,-0.003234,0.009824 0.002549 wh:267,265,265,266 p:511,386 
2940 c:3.1414,0,0 w:0.0520,-0.0203,0.0057 q:0.999951,0.000305,0.009052 0.002707 wh:263,264,266,264 p:499,386 
3055 c:3.1414,0,0 w:0.0775,-0.0149,0.0138 q:0.999948,0.004425,0.007941 0.003577 wh:263,262,265,264 p:503,386 
3171 c:3.1414,0,0 w:0.0775,-0.0149,0.0138 q:0.999948,0.004425,0.007941 0.003577 wh:263,262,265,264 p:503,386 
3286 c:3.1414,0,0 w:0.0913,-0.0040,0.0115 q:0.999885,0.012208,0.007214 0.004454 wh:263,260,264,267 p:498,386 
3405 c:3.1414,0,0 w:0.0610,-0.0136,0.0203 q:0.999782,0.018679,0.006480 0.006117 wh:265,261,266,267 p:507,387 
3519 c:3.1414,0,0 w:0.0610,-0.0136,0.0203 q:0.999782,0.018679,0.006480 0.006117 wh:265,261,266,267 p:507,387 
3635 c:3.1414,0,0 w:0.0086,-0.0073,0.0028 q:0.999735,0.021124,0.005389 0.006782 wh:267,262,266,268 p:497,387 
3750 c:3.1414,0,0 w:-0.0569,0.0214,-0.0186 q:0.999801,0.017787,0.006433 0.005665 wh:266,263,265,266 p:492,387 
3870 c:3.1414,0,0 w:-0.0569,0.0214,-0.0186 q:0.999801,0.017787,0.006433 0.005665 wh:266,263,265,266 p:492,387 
3986 c:3.1414,0,0 w:-0.0728,0.0182,-0.0172 q:0.999880,0.011774,0.008631 0.004202 wh:266,262,269,269 p:492,387 
4103 c:3.1414,0,0 w:-0.0688,-0.0149,0.0133 q:0.999940,0.005072,0.008111 0.004358 wh:267,262,263,264 p:497,387 
4218 c:3.1414,0,0 w:-0.0688,-0.0149,0.0133 q:0.999940,0.005072,0.008111 0.004358 wh:267,262,263,264 p:497,387 
4335 c:3.1414,0,0 w:-0.0158,0.0127,-0.0078 q:0.999948,0.003074,0.008161 0.004429 wh:264,263,266,267 p:489,387 
4456 c:3.1414,0,0 w:0.0320,-0.0038,-0.0003 q:0.999931,0.005265,0.009418 0.003563 wh:268,262,268,267 p:499,387 
4571 c:3.1414,0,0 w:0.0311,-0.0062,0.0156 q:0.999925,0.007518,0.007849 0.004765 wh:268,264,267,269 p:494,387 
4686 c:3.1414,0,0 w:0.0311,-0.0062,0.0156 q:0.999925,0.007518,0.007849 0.004765 wh:268,264,267,269 p:494,387 
4802 c:3.1414,0,0 w:0.0348,-0.0014,-0.0044 q:0.999897,0.010591,0.008085 0.004529 wh:263,262,266,264 p:504,387 
4922 c:3.1414,0,0 w:0.0131,-0.0020,0.0168 q:0.999873,0.012481,0.007863 0.005310 wh:265,263,267,265 p:497,387 
5037 c:3.1414,0,0 w:0.0131,-0.0020,0.0168 q:0.999873,0.012481,0.007863 0.005310 wh:265,263,267,265 p:497,387 
5151 c:3.1414,0,0 w:0.0041,-0.0003,-0.0066 q:0.999866,0.013073,0.007637 0.005480 wh:268,264,268,268 p:509,387 
5268 c:3.1414,0,0 w:-0.0016,0.0128,-0.0211 q:0.999870,0.012933,0.008315 0.003814 wh:268,263,264,269 p:491,387 
5385 c:3.1414,0,0 w:-0.0016,0.0128,-0.0211 q:0.999870,0.012933,0.008315 0.003814 wh:268,263,264,269 p:491,387 
5505 c:3.1414,0,0 w:-0.0028,0.0080,-0.0093 q:0.999870,0.012807,0.008793 0.003047 wh:264,262,268,267 p:499,387 
5620 c:3.1414,0,1 w:0.0012,-0.0003,0.0159 q:0.999862,0.012861,0.009344 0.003932 wh:265,261,267,268 p:500,387 
5736 c:3.1414,0,1 w:0.0024,-0.0067,0.0173 q:0.999857,0.012966,0.008732 0.005735 wh:265,261,263,265 p:502,388 
5851 c:3.1414,0,1 w:0.0024,-0.0067,0.0173 q:0.999857,0.012966,0.008732 0.005735 wh:265,261,263,265 p:502,388 
5966 c:3.1414,0,1 w:-0.0014,-0.0038,-0.0122 q:0.999864,0.012894,0.008138 0.005575 wh:268,263,269,267 p:501,388 
6087 c:3.1414,0,1 w:-0.0010,0.0138,-0.0157 q:0.999867,0.012710,0.009003 0.003859 wh:263,261,267,270 p:495,386 
6203 c:3.1414,0,1 w:-0.0010,0.0138,-0.0157 q:0.999867,0.012710,0.009003 0.003859 wh:263,261,267,270 p:495,386 
6320 c:3.1414,0,1 w:-0.0094,0.0041,0.0072 q:0.999867,0.012113,0.009851 0.003805 wh:266,264,266,275 p:482,385 
6435 c:3.1414,0,1 w:-0.0227,-0.0111,0.0220 q:0.999881,0.010505,0.009338 0.005583 wh:265,249,263,286 p:488,385 
6555 c:3.1414,0,1 w:-0.0227,-0.0111,0.0220 q:0.999881,0.010505,0.009338 0.005583 wh:265,249,263,286 p:488,385 
6671 c:3.1414,0,1 w:-0.0352,-0.0076,-0.0027 q:0.999912,0.007740,0.008365 0.006180 wh:267,240,262,296 p:490,385 
6788 c:3.1414,0,1 w:-0.0425,-0.0024,-0.0209 q:0.999934,0.005282,0.008270 0.005239 wh:267,236,265,306 p:478,385 
6905 c:3.1414,0,1 w:-0.0425,-0.0024,-0.0209 q:0.999934,0.005282,0.008270 0.005239 wh:267,236,265,306 p:478,385 
7023 c:3.1414,0,1 w:-0.0535,0.0145,-0.0069 q:0.999946,0.000741,0.009076 0.003946 wh:266,228,268,320 p:486,385 
7143 c:3.1414,0,1 w:-0.0641,0.0000,0.0171 q:0.999927,-0.004607,0.009679 0.004817 wh:261,218,262,328 p:492,384 
7259 c:3.1414,0,1 w:-0.0758,-0.0159,0.0154 q:0.999876,-0.010981,0.008674 0.006635 wh:260,211,262,336 p:492,384 
7376 c:3.1414,0,1 w:-0.0758,-0.0159,0.0154 q:0.999876,-0.010981,0.008674 0.006635 wh:260,211,262,336 p:492,384 
7494 c:3.1414,0,1 w:-0.0883,-0.0076,-0.0108 q:0.999769,-0.018592,0.007898 0.006712 wh:263,201,264,355 p:486,384 
7616 c:3.1414,0,1 w:-0.0989,0.0044,-0.0134 q:0.999576,-0.027346,0.008032 0.005253 wh:264,195,263,366 p:490,384 
7733 c:3.1414,0,1 w:-0.0989,0.0044,-0.0134 q:0.999576,-0.027346,0.008032 0.005253 wh:264,195,263,366 p:490,384 
7849 c:3.1414,0,1 w:-0.1059,0.0116,0.0048 q:0.999380,-0.033636,0.008489 0.005213 wh:258,190,258,366 p:488,383 
7966 c:3.1414,0,1 w:-0.1154,-0.0021,0.0206 q:0.998981,-0.043672,0.008718 0.006803 wh:261,178,259,384 p:490,384 
8084 c:3.1414,0,1 w:-0.1154,-0.0021,0.0206 q:0.998981,-0.043672,0.008718 0.006803 wh:261,178,259,384 p:490,384 
8205 c:3.1414,0,1 w:-0.1280,-0.0172,0.0102 q:0.998429,-0.054747,0.007741 0.008636 wh:262,176,263,399 p:484,383 
8322 c:3.1414,0,1 w:-0.1404,-0.0030,-0.0117 q:0.997681,-0.067145,0.007082 0.008117 wh:263,171,264,404 p:487,384 
8440 c:3.1414,0,1 w:-0.1404,-0.0030,-0.0117 q:0.997681,-0.067145,0.007082 0.008117 wh:263,171,264,404 p:487,384 
8559 c:3.1414,0,1 w:-0.1477,0.0048,0.0022 q:0.996710,-0.080301,0.007430 0.007618 wh:258,160,261,416 p:491,385 
8679 c:3.1414,0,1 w:-0.1537,-0.0036,0.0135 q:0.995517,-0.093841,0.007718 0.008454 wh:261,153,261,423 p:505,386 
8796 c:3.1414,0,1 w:-0.1564,-0.0169,0.0261 q:0.994576,-0.103259,0.006914 0.009959 wh:262,151,263,425 p:507,386 
8913 c:3.1414,0,1 w:-0.1564,-0.0169,0.0261 q:0.994576,-0.103259,0.006914 0.009959 wh:262,151,263,425 p:507,386 
9030 c:3.1414,0,1 w:-0.1598,0.0092,-0.0179 q:0.992962,-0.117753,0.006287 0.010573 wh:264,145,266,433 p:506,386 
9148 c:3.1414,0,1 w:-0.1659,0.0054,-0.0003 q:0.991080,-0.132718,0.006574 0.009695 wh:263,135,264,428 p:505,387 
9270 c:3.1414,0,1 w:-0.1659,0.0054,-0.0003 q:0.991080,-0.132718,0.006574 0.009695 wh:263,135,264,428 p:505,387 
9385 c:3.1414,0,1 w:-0.1668,0.0054,0.0190 q:0.988949,-0.147643,0.007068 0.011115 wh:265,135,267,434 p:505,387 
9502 c:3.1414,0,1 w:-0.1734,-0.0139,0.0119 q:0.987344,-0.157981,0.006722 0.011851 wh:267,130,265,435 p:503,387 
9620 c:3.1414,0,1 w:-0.1734,-0.0139,0.0119 q:0.987344,-0.157981,0.006722 0.011851 wh:267,130,265,435 p:503,387 
9741 c:3.1414,0,1 w:-0.1732,-0.0059,0.0147 q:0.984704,-0.173608,0.005988 0.013175 wh:272,125,268,440 p:509,387 
9858 c:3.1414,0,1 w:-0.1797,-0.0075,-0.0075 q:0.981710,-0.189858,0.004748 0.012978 wh:269,118,265,435 p:497,387 
9976 c:3.1414,0,1 w:-0.1797,-0.0075,-0.0075 q:0.981710,-0.189858,0.004748 0.012978 wh:269,118,265,435 p:497,387 
10094 c:3.1414,0,1 w:-0.1806,-0.0006,0.0048 q:0.978414,-0.206168,0.004186 0.013215 wh:269,112,265,438 p:505,387 
10213 c:3.1414,0,1 w:-0.1826,0.0073,0.0185 q:0.974805,-0.222525,0.004674 0.014426 wh:266,109,266,437 p:504,387 
10334 c:3.1414,0,1 w:-0.1862,-0.0047,0.0113 q:0.972166,-0.233731,0.004249 0.015387 wh:266,104,263,436 p:506,387 
10451 c:3.1414,0,1 w:-0.1862,-0.0047,0.0113 q:0.972166,-0.233731,0.004249 0.015387 wh:266,104,263,436 p:506,387 
10570 c:3.1414,0,1 w:-0.1896,-0.0153,-0.0035 q:0.967882,-0.250862,0.003284 0.015901 wh:269,101,265,440 p:492,387 
10690 c:3.1414,0,1 w:-0.1937,0.0023,-0.0014 q:0.963138,-0.268518,0.002576 0.015785 wh:266,96,264,442 p:506,388 
10811 c:3.1414,0,1 w:-0.1937,0.0023,-0.0014 q:0.963138,-0.268518,0.002576 0.015785 wh:266,96,264,442 p:506,388 
10928 c:3.1414,0,1 w:-0.1939,0.0037,0.0153 q:0.959786,-0.280229,0.002423 0.016379 wh:265,93,265,439 p:507,388 
11044 c:3.1414,0,1 w:-0.1957,-0.0033,0.0180 q:0.954543,-0.297513,0.002319 0.017892 wh:265,89,262,439 p:507,388 
11161 c:3.1414,0,1 w:-0.1957,-0.0033,0.0180 q:0.954543,-0.297513,0.002319 0.017892 wh:265,89,262,439 p:507,388 
11279 c:3.1414,0,1 w:-0.2000,-0.0076,-0.0006 q:0.948824,-0.315237,0.001673 0.018650 wh:266,83,266,442 p:505,388 
11402 c:3.1414,0,1 w:-0.2000,-0.0070,-0.0056 q:0.942699,-0.333111,0.000590 0.018603 wh:265,80,261,437 p:509,388 
11520 c:3.1414,0,1 w:-0.2017,-0.0052,0.0041 q:0.938357,-0.345142,-0.000010 0.018802 wh:264,77,262,438 p:510,388 
11637 c:3.1414,0,1 w:-0.2017,-0.0052,0.0041 q:0.938357,-0.345142,-0.000010 0.018802 wh:264,77,262,438 p:510,388 
11756 c:3.1414,0,1 w:-0.2006,-0.0018,0.0186 q:0.931690,-0.362686,0.000038 0.020120 wh:265,77,263,437 p:510,387 
11878 c:3.1414,0,1 w:-0.1962,-0.0043,0.0148 q:0.924764,-0.379912,-0.000277 0.021684 wh:264,84,266,440 p:510,387 
11995 c:3.1414,0,1 w:-0.1962,-0.0043,0.0148 q:0.924764,-0.379912,-0.000277 0.021684 wh:264,84,266,440 p:510,387 
12113 c:3.1414,0,1 w:-0.1916,-0.0011,-0.0049 q:0.920151,-0.390941,-0.000957 0.021879 wh:262,91,262,431 p:504,388 
12233 c:3.1414,0,1 w:-0.1900,0.0003,-0.0049 q:0.912906,-0.407591,-0.001917 0.021429 wh:264,96,264,434 p:515,388 
12352 c:3.1414,0,1 w:-0.1900,0.0003,-0.0049 q:0.912906,-0.407591,-0.001917 0.021429 wh:264,96,264,434 p:515,388 
12474 c:3.1414,0,1 w:-0.1896,-0.0041,0.0084 q:0.905437,-0.423903,-0.002549 0.021788 wh:265,99,266,435 p:505,388 
12592 c:3.1414,0,1 w:-0.1824,0.0005,0.0240 q:0.897946,-0.439455,-0.002407 0.023605 wh:266,99,266,431 p:510,388 
12709 c:3.1414,0,1 w:-0.1800,-0.0020,0.0147 q:0.892919,-0.449534,-0.002392 0.024493 wh:264,103,263,420 p:515,388 
12828 c:3.1414,0,1 w:-0.1800,-0.0020,0.0147 q:0.892919,-0.449534,-0.002392 0.024493 wh:264,103,263,420 p:515,388 
12952 c:3.1414,0,1 w:-0.1679,0.0017,-0.0088 q:0.885502,-0.463987,-0.003387 0.024123 wh:267,111,268,419 p:512,388 
13071 c:3.1414,0,1 w:-0.1629,-0.0009,-0.0006 q:0.878232,-0.477614,-0.004593 0.023739 wh:264,113,263,403 p:508,388 
13191 c:3.1414,0,1 w:-0.1629,-0.0009,-0.0006 q:0.878232,-0.477614,-0.004593 0.023739 wh:264,113,263,403 p:508,388 
13327 c:3.1414,0,1 w:-0.1592,-0.0131,0.0176 q:0.870843,-0.490869,-0.005129 0.025394 wh:265,119,263,403 p:504,388 
13446 c:3.1414,0,1 w:-0.1534,-0.0087,0.0141 q:0.866041,-0.499235,-0.005431 0.026466 wh:267,124,266,402 p:508,388 
13578 c:3.1414,0,1 w:-0.1470,0.0060,-0.0033 q:0.858988,-0.511272,-0.005671 0.026441 wh:264,128,266,391 p:507,388 
13696 c:3.1414,0,1 w:-0.1470,0.0060,-0.0033 q:0.858988,-0.511272,-0.005671 0.026441 wh:264,128,266,391 p:507,388 
13815 c:3.1414,0,1 w:-0.1435,-0.0003,-0.0101 q:0.852057,-0.522793,-0.006242 0.025270 wh:265,135,264,386 p:510,388 
13936 c:3.1414,0,1 w:-0.1364,-0.0111,0.0112 q:0.845123,-0.533884,-0.007118 0.025984 wh:265,140,267,379 p:512,388 
14059 c:3.1414,0,1 w:-0.1364,-0.0111,0.0112 q:0.845123,-0.533884,-0.007118 0.025984 wh:265,140,267,379 p:512,388 
14178 c:3.1414,0,1 w:-0.1308,-0.0009,0.0217 q:0.840675,-0.540804,-0.006916 0.027219 wh:265,143,263,377 p:498,388 
14298 c:3.1414,0,1 w:-0.1247,0.0002,0.0063 q:0.834111,-0.550822,-0.007094 0.028203 wh:265,152,266,371 p:513,388 
14416 c:3.1414,0,1 w:-0.1219,0.0018,-0.0075 q:0.827840,-0.560227,-0.007553 0.027584 wh:266,157,264,365 p:507,388 
14536 c:3.1414,0,1 w:-0.1219,0.0018,-0.0075 q:0.827840,-0.560227,-0.007553 0.027584 wh:266,157,264,365 p:507,388 
14659 c:3.1414,0,1 w:-0.1119,0.0035,0.0005 q:0.821749,-0.569150,-0.007920 0.026956 wh:267,159,267,366 p:508,388 
14777 c:3.1414,0,1 w:-0.1103,-0.0044,0.0180 q:0.817794,-0.574786,-0.007942 0.027593 wh:265,163,263,358 p:514,388 
14896 c:3.1414,0,1 w:-0.1103,-0.0044,0.0180 q:0.817794,-0.574786,-0.007942 0.027593 wh:265,163,263,358 p:514,388 
15015 c:3.1414,0,1 w:-0.1059,-0.0091,0.0173 q:0.811934,-0.582958,-0.007861 0.029221 wh:267,169,265,354 p:510,388 
15139 c:3.1414,0,1 w:-0.0999,0.0026,-0.0067 q:0.806372,-0.590611,-0.008053 0.029470 wh:267,175,266,353 p:503,388 
15257 c:3.1414,0,1 w:-0.0999,0.0026,-0.0067 q:0.806372,-0.590611,-0.008053 0.029470 wh:267,175,266,353 p:503,388 
15377 c:3.1414,0,1 w:-0.0941,-0.0015,-0.0090 q:0.801014,-0.597890,-0.008556 0.028672 wh:267,176,264,348 p:499,388 
15499 c:3.1414,0,1 w:-0.0914,-0.0058,0.0044 q:0.797529,-0.602526,-0.008846 0.028687 wh:266,182,266,341 p:502,388 
15618 c:3.1414,0,1 w:-0.0862,-0.0104,0.0135 q:0.792495,-0.609062,-0.009247 0.030033 wh:266,184,263,339 p:501,388 
15740 c:3.1414,0,1 w:-0.0862,-0.0104,0.0135 q:0.792495,-0.609062,-0.009247 0.030033 wh:266,184,263,339 p:501,388 
15859 c:3.1414,0,1 w:-0.0818,-0.0041,0.0072 q:0.787657,-0.615263,-0.009330 0.030857 wh:266,193,267,336 p:507,388 
15979 c:3.1414,0,1 w:-0.0783,0.0043,-0.0085 q:0.783024,-0.621168,-0.009709 0.030357 wh:267,198,266,332 p:509,388 
16099 c:3.1414,0,1 w:-0.0783,0.0043,-0.0085 q:0.783024,-0.621168,-0.009709 0.030357 wh:267,198,266,332 p:509,388 
16222 c:3.1414,0,1 w:-0.0763,0.0072,-0.0024 q:0.780080,-0.624885,-0.009676 0.029853 wh:265,197,265,329 p:505,388 
16340 c:3.1414,0,1 w:-0.0717,-0.0073,0.0124 q:0.775780,-0.630181,-0.010021 0.030467 wh:266,202,264,322 p:513,388 
16460 c:3.1414,0,1 w:-0.0717,-0.0073,0.0124 q:0.775780,-0.630181,-0.010021 0.030467 wh:266,202,264,322 p:513,388 
16579 c:3.1414,0,1 w:-0.0659,-0.0087,0.0058 q:0.771790,-0.635005,-0.009925 0.031636 wh:266,208,267,321 p:508,388 
16700 c:3.1414,0,1 w:-0.0654,-0.0015,-0.0073 q:0.767876,-0.639725,-0.010350 0.031664 wh:263,205,261,317 p:506,388 
16824 c:3.1414,0,1 w:-0.0607,0.0106,-0.0087 q:0.765397,-0.642725,-0.010448 0.030909 wh:264,210,264,315 p:507,388 
16942 c:3.1414,0,1 w:-0.0607,0.0106,-0.0087 q:0.765397,-0.642725,-0.010448 0.030909 wh:264,210,264,315 p:507,388 
17061 c:3.1414,0,1 w:-0.0550,-0.0027,0.0008 q:0.761971,-0.646792,-0.010763 0.030604 wh:270,218,268,317 p:496,388 
17181 c:3.1414,0,1 w:-0.0528,-0.0108,0.0150 q:0.758633,-0.650650,-0.010660 0.031758 wh:266,221,267,306 p:500,388 
17304 c:3.1414,0,1 w:-0.0528,-0.0108,0.0150 q:0.758633,-0.650650,-0.010660 0.031758 wh:266,221,267,306 p:500,388 
17423 c:3.1414,0,1 w:-0.0494,-0.0007,0.0009 q:0.755535,-0.654210,-0.010797 0.032434 wh:262,217,265,302 p:502,388 
17543 c:3.1414,0,1 w:-0.0486,0.0051,-0.0081 q:0.753558,-0.656506,-0.010850 0.032007 wh:262,225,263,299 p:517,388 
17662 c:3.1414,0,1 w:-0.0486,0.0051,-0.0081 q:0.753558,-0.656506,-0.010850 0.032007 wh:262,225,263,299 p:517,388 
17807 c:3.1414,0,1 w:-0.0456,0.0067,-0.0020 q:0.750736,-0.659780,-0.010891 0.030953 wh:265,229,268,299 p:500,388 
17928 c:3.1414,0,1 w:-0.0418,-0.0032,0.0128 q:0.748088,-0.662764,-0.010684 0.031403 wh:263,227,263,295 p:510,388 
18050 c:3.1414,0,1 w:-0.0396,-0.0095,0.0086 q:0.745573,-0.665532,-0.010629 0.032664 wh:261,231,264,293 p:509,388 
18170 c:3.1414,0,1 w:-0.0396,-0.0095,0.0086 q:0.745573,-0.665532,-0.010629 0.032664 wh:261,231,264,293 p:509,388 
18291 c:3.1414,0,1 w:-0.0387,0.0011,-0.0023 q:0.743967,-0.667319,-0.010778 0.032778 wh:269,237,265,292 p:511,388 
18416 c:3.1414,0,1 w:-0.0350,0.0110,-0.0110 q:0.741694,-0.669892,-0.010950 0.031714 wh:266,234,264,292 p:500,388 
18537 c:3.1414,0,1 w:-0.0326,-0.0006,0.0022 q:0.739591,-0.672239,-0.010798 0.031222 wh:264,237,265,289 p:503,389 
18658 c:3.1414,0,1 w:-0.0326,-0.0006,0.0022 q:0.739591,-0.672239,-0.010798 0.031222 wh:264,237,265,289 p:503,389 
18780 c:3.1414,0,1 w:-0.0288,-0.0101,0.0135 q:0.737697,-0.674268,-0.010493 0.032353 wh:263,238,262,283 p:508,388 
18904 c:3.1414,0,1 w:-0.0294,-0.0084,0.0070 q:0.736439,-0.675603,-0.010555 0.033128 wh:266,243,267,289 p:497,388 
19025 c:3.1414,0,1 w:-0.0294,-0.0084,0.0070 q:0.736439,-0.675603,-0.010555 0.033128 wh:266,243,267,289 p:497,388 
19146 c:3.1414,0,1 w:-0.0263,0.0038,-0.0082 q:0.734697,-0.677517,-0.010660 0.032707 wh:265,241,264,279 p:507,388 
19268 c:3.1414,0,1 w:-0.0237,0.0099,-0.0041 q:0.733084,-0.679317,-0.010661 0.031520 wh:264,243,261,277 p:511,389 
19389 c:3.1414,0,1 w:-0.0221,-0.0041,0.0116 q:0.731576,-0.680936,-0.010311 0.031739 wh:264,243,262,278 p:514,388 
19513 c:3.1414,0,1 w:-0.0221,-0.0041,0.0116 q:0.731576,-0.680936,-0.010311 0.031739 wh:264,243,262,278 p:514,388 
19635 c:3.1414,0,1 w:-0.0204,-0.0095,0.0125 q:0.730661,-0.681876,-0.010228 0.032654 wh:263,243,263,277 p:498,388 
19756 c:3.1414,0,1 w:-0.0227,-0.0014,-0.0011 q:0.729183,-0.683430,-0.010371 0.033167 wh:261,244,265,275 p:502,388 
19877 c:3.1414,0,1 w:-0.0227,-0.0014,-0.0011 q:0.729183,-0.683430,-0.010371 0.033167 wh:261,244,265,275 p:502,388 
20003 c:3.1414,0,1 w:-0.0213,0.0087,-0.0098 q:0.727801,-0.684954,-0.010452 0.032029 wh:262,249,263,277 p:509,388 
20125 c:3.1414,0,1 w:-0.0193,0.0022,0.0020 q:0.726547,-0.686312,-0.010345 0.031475 wh:270,251,268,281 p:507,388 
20245 c:3.1414,0,1 w:-0.0193,-0.0067,0.0109 q:0.725694,-0.687186,-0.010246 0.032089 wh:264,246,260,272 p:513,388 
20366 c:3.1414,0,1 w:-0.0193,-0.0067,0.0109 q:0.725694,-0.687186,-0.010246 0.032089 wh:264,246,260,272 p:513,388 
20487 c:3.1414,0,1 w:-0.0204,-0.0059,0.0064 q:0.724384,-0.688513,-0.010193 0.033242 wh:264,251,264,274 p:510,388 
20612 c:3.1414,0,1 w:-0.0218,0.0099,-0.0078 q:0.723036,-0.689957,-0.010192 0.032641 wh:264,247,266,275 p:505,388 
20732 c:3.1414,0,1 w:-0.0218,0.0099,-0.0078 q:0.723036,-0.689957,-0.010192 0.032641 wh:264,247,266,275 p:505,388 
20853 c:3.1414,0,1 w:-0.0181,0.0124,-0.0053 q:0.721869,-0.691236,-0.010084 0.031428 wh:263,250,262,272 p:506,388 
20975 c:3.1414,0,1 w:-0.0172,0.0017,0.0080 q:0.721084,-0.692061,-0.009714 0.031424 wh:264,253,262,272 p:513,388 
21099 c:3.1414,0,1 w:-0.0166,-0.0023,0.0138 q:0.719996,-0.693151,-0.009207 0.032467 wh:264,254,262,275 p:508,389 
21220 c:3.1414,0,1 w:-0.0166,-0.0023,0.0138 q:0.719996,-0.693151,-0.009207 0.032467 wh:264,254,262,275 p:508,389 
21341 c:3.1414,0,1 w:-0.0159,-0.0012,0.0000 q:0.719006,-0.694150,-0.009064 0.033081 wh:267,256,267,275 p:498,389 
21462 c:3.1414,0,1 w:-0.0129,0.0093,-0.0093 q:0.718114,-0.695116,-0.009407 0.032080 wh:262,253,261,266 p:511,388 
21583 c:3.1414,0,1 w:-0.0129,0.0093,-0.0093 q:0.718114,-0.695116,-0.009407 0.032080 wh:262,253,261,266 p:511,388 
21707 c:3.1414,0,1 w:-0.0117,0.0095,-0.0011 q:0.717616,-0.695662,-0.009102 0.031470 wh:264,256,264,271 p:509,388 
21829 c:3.1414,0,1 w:-0.0105,-0.0004,0.0112 q:0.716918,-0.696371,-0.008382 0.031885 wh:261,254,264,268 p:503,388 
21950 c:3.1414,0,1 w:-0.0101,-0.0059,0.0081 q:0.716252,-0.697010,-0.008135 0.032947 wh:264,255,261,265 p:499,388 
22071 c:3.1414,0,1 w:-0.0101,-0.0059,0.0081 q:0.716252,-0.697010,-0.008135 0.032947 wh:264,255,261,265 p:499,388 
22196 c:3.1414,0,1 w:-0.0097,0.0020,-0.0091 q:0.715674,-0.697616,-0.008539 0.032592 wh:266,259,264,268 p:510,389 
22317 c:3.1414,0,1 w:-0.0071,0.0072,-0.0093 q:0.715346,-0.697984,-0.008741 0.031830 wh:263,260,264,265 p:514,388 
22437 c:3.1414,0,1 w:-0.0071,0.0072,-0.0093 q:0.715346,-0.697984,-0.008741 0.031830 wh:263,260,264,265 p:514,388 
22559 c:3.1414,0,1 w:-0.0056,0.0051,0.0083 q:0.714952,-0.698409,-0.008185 0.031509 wh:267,261,271,266 p:509,388 
22679 c:3.1414,0,1 w:-0.0068,-0.0064,0.0080 q:0.714521,-0.698818,-0.007816 0.032300 wh:266,259,267,264 p:496,388 
22803 c:3.1414,0,1 w:-0.0054,0.0008,-0.0032 q:0.714140,-0.699187,-0.008057 0.032700 wh:266,264,265,265 p:504,388 
22925 c:3.1414,0,1 w:-0.0054,0.0008,-0.0032 q:0.714140,-0.699187,-0.008057 0.032700 wh:266,264,265,265 p:504,388 
23046 c:3.1414,0,1 w:-0.0059,0.0098,-0.0111 q:0.713795,-0.699586,-0.008169 0.031631 wh:261,258,263,261 p:511,388 
23166 c:3.1414,0,1 w:-0.0062,0.0087,-0.0030 q:0.713491,-0.699928,-0.007992 0.030949 wh:263,264,267,266 p:495,388 
23291 c:3.1414,0,1 w:-0.0062,0.0087,-0.0030 q:0.713491,-0.699928,-0.007992 0.030949 wh:263,264,267,266 p:495,388 
23412 c:3.1414,0,1 w:-0.0094,-0.0050,0.0125 q:0.712936,-0.700473,-0.007691 0.031495 wh:267,261,263,266 p:502,389 
23533 c:3.1414,0,1 w:-0.0054,-0.0020,0.0077 q:0.712483,-0.700888,-0.007372 0.032561 wh:264,261,263,264 p:515,389 
23654 c:3.1414,0,1 w:-0.0054,-0.0020,0.0077 q:0.712483,-0.700888,-0.007372 0.032561 wh:264,261,263,264 p:515,389 
23779 c:3.1414,0,1 w:-0.0079,0.0052,-0.0113 q:0.712059,-0.701340,-0.007678 0.032051 wh:264,259,262,266 p:502,388 
23900 c:3.1414,0,1 w:-0.0066,0.0069,-0.0133 q:0.711789,-0.701653,-0.007963 0.031105 wh:264,264,264,264 p:509,389 
24020 c:3.1414,0,1 w:-0.0043,0.0023,0.0086 q:0.711464,-0.701998,-0.007729 0.030813 wh:264,261,267,264 p:511,388 
24141 c:3.1414,0,1 w:-0.0043,0.0023,0.0086 q:0.711464,-0.701998,-0.007729 0.030813 wh:264,261,267,264 p:511,388 
24261 c:3.1414,0,1 w:-0.0039,-0.0046,0.0124 q:0.711196,-0.702234,-0.007038 0.031763 wh:260,262,261,259 p:517,388 
24385 c:3.1414,0,1 w:-0.0048,-0.0040,-0.0030 q:0.710873,-0.702535,-0.007264 0.032307 wh:264,263,266,263 p:513,388 
24508 c:3.1414,0,1 w:-0.0048,-0.0040,-0.0030 q:0.710873,-0.702535,-0.007264 0.032307 wh:264,263,266,263 p:513,388 
24630 c:3.1414,0,1 w:-0.0037,0.0029,-0.0122 q:0.710740,-0.702687,-0.007664 0.031815 wh:267,265,267,263 p:510,389 
24751 c:3.1414,0,1 w:-0.0017,0.0049,-0.0047 q:0.710596,-0.702875,-0.007710 0.030837 wh:263,263,261,259 p:516,388 
24876 c:3.1414,0,1 w:-0.0014,-0.0030,0.0159 q:0.710416,-0.703034,-0.007094 0.031514 wh:261,262,261,257 p:508,388 
24996 c:3.1414,0,1 w:-0.0014,-0.0030,0.0159 q:0.710416,-0.703034,-0.007094 0.031514 wh:261,262,261,257 p:508,388 
25117 c:3.1414,0,1 w:0.0001,0.0002,0.0057 q:0.710355,-0.703064,-0.006513 0.032335 wh:267,263,265,261 p:505,388 
25236 c:3.1414,0,1 w:-0.0022,-0.0020,-0.0078 q:0.710316,-0.703105,-0.006812 0.032239 wh:266,265,265,258 p:502,389 
25358 c:3.1414,0,1 w:-0.0022,-0.0020,-0.0078 q:0.710316,-0.703105,-0.006812 0.032239 wh:266,265,265,258 p:502,389 
25484 c:3.1414,0,1 w:-0.0030,0.0075,-0.0127 q:0.710195,-0.703273,-0.007371 0.031083 wh:262,262,264,260 p:507,388 
25606 c:3.1414,0,1 w:-0.0021,0.0026,0.0052 q:0.710059,-0.703435,-0.006987 0.030624 wh:268,268,267,262 p:503,388 
25725 c:3.1414,0,1 w:-0.0008,-0.0003,0.0139 q:0.710028,-0.703438,-0.006111 0.031472 wh:266,266,264,259 p:507,388 
25846 c:3.1414,0,1 w:-0.0008,-0.0003,0.0139 q:0.710028,-0.703438,-0.006111 0.031472 wh:266,266,264,259 p:507,388 
25971 c:3.1414,0,1 w:-0.0022,-0.0070,0.0022 q:0.709942,-0.703506,-0.006008 0.031873 wh:263,263,262,258 p:511,388 
26092 c:3.1414,0,1 w:-0.0024,-0.0001,-0.0145 q:0.709742,-0.703719,-0.006916 0.031434 wh:263,260,264,260 p:522,389 
26214 c:3.1414,0,1 w:-0.0024,-0.0001,-0.0145 q:0.709742,-0.703719,-0.006916 0.031434 wh:263,260,264,260 p:522,389 
26336 c:3.1414,0,1 w:-0.0011,0.0070,-0.0036 q:0.709618,-0.703885,-0.007110 0.030480 wh:264,264,263,261 p:514,389 
26458 c:3.1414,0,1 w:-0.0016,0.0008,0.0144 q:0.709456,-0.704040,-0.006247 0.030862 wh:261,258,262,259 p:505,389 
26596 c:3.1414,0,1 w:-0.0024,-0.0064,0.0122 q:0.709337,-0.704130,-0.005864 0.031605 wh:263,262,264,260 p:521,389 
26717 c:3.1414,0,1 w:-0.0024,-0.0064,0.0122 q:0.709337,-0.704130,-0.005864 0.031605 wh:263,262,264,260 p:521,389 
26838 c:3.1414,0,1 w:-0.0030,-0.0011,-0.0073 q:0.709118,-0.704346,-0.005926 0.031695 wh:266,262,266,263 p:506,389 
26959 c:3.1414,0,1 w:-0.0045,0.0032,-0.0117 q:0.708880,-0.704627,-0.006663 0.030600 wh:265,263,264,261 p:506,389 
27092 c:3.1414,0,1 w:-0.0017,0.0060,0.0083 q:0.708730,-0.704796,-0.006243 0.030271 wh:262,260,262,260 p:510,388 
27212 c:3.1414,0,1 w:-0.0017,0.0060,0.0083 q:0.708730,-0.704796,-0.006243 0.030271 wh:262,260,262,260 p:510,388 
27333 c:3.1414,0,1 w:-0.0001,0.0049,0.0167 q:0.708692,-0.704820,-0.005347 0.030772 wh:268,269,271,267 p:506,388 
27453 c:3.1414,0,1 w:-0.0017,-0.0070,0.0020 q:0.708534,-0.704942,-0.005275 0.031621 wh:265,265,262,262 p:514,388 
27574 c:3.1414,0,1 w:-0.0017,-0.0070,0.0020 q:0.708534,-0.704942,-0.005275 0.031621 wh:265,265,262,262 p:514,388 
27698 c:3.1414,0,1 w:-0.0011,0.0017,-0.0124 q:0.708464,-0.705029,-0.005979 0.031124 wh:261,262,260,256 p:513,388 
27820 c:3.1414,0,1 w:-0.0005,0.0029,-0.0038 q:0.708422,-0.705107,-0.006336 0.030222 wh:261,265,264,259 p:507,388 
27940 c:3.1414,0,1 w:0.0001,0.0029,0.0106 q:0.708429,-0.705099,-0.005893 0.030338 wh:266,267,262,260 p:499,388 
28059 c:3.1414,0,1 w:0.0001,0.0029,0.0106 q:0.708429,-0.705099,-0.005893 0.030338 wh:266,267,262,260 p:499,388 
28182 c:3.1414,0,1 w:0.0013,-0.0033,0.0119 q:0.708487,-0.705011,-0.005062 0.031171 wh:263,262,261,261 p:515,388 
28302 c:3.1414,0,1 w:0.0010,-0.0004,-0.0052 q:0.708548,-0.704947,-0.004966 0.031256 wh:263,265,264,261 p:513,388 
28423 c:3.1414,0,1 w:0.0010,-0.0004,-0.0052 q:0.708548,-0.704947,-0.004966 0.031256 wh:263,265,264,261 p:513,388 
28544 c:3.1414,0,1 w:-0.0007,0.0038,-0.0110 q:0.708585,-0.704943,-0.005649 0.030356 wh:264,266,263,262 p:511,389 
28664 c:3.1414,0,1 w:0.0012,0.0052,0.0032 q:0.708588,-0.704967,-0.005426 0.029766 wh:262,263,261,262 p:497,389 
28787 c:3.1414,0,1 w:0.0012,0.0052,0.0032 q:0.708553,-0.704985,-0.005426 0.029766 wh:262,263,261,262 p:499,389 
28907 c:3.1414,0,1 w:0.0001,-0.0006,0.0148 q:0.708553,-0.704985,-0.004854 0.030295 wh:259,261,263,259 p:499,389 
29027 c:3.1414,0,1 w:-0.0002,-0.0040,0.0035 q:0.708525,-0.704986,-0.004194 0.031002 wh:260,262,261,258 p:498,389 
29148 c:3.1414,0,1 w:-0.0030,-0.0029,-0.0125 q:0.708376,-0.705146,-0.004926 0.030645 wh:265,263,262,259 p:513,388 
29273 c:3.1414,0,1 w:-0.0030,-0.0029,-0.0125 q:0.708376,-0.705146,-0.004926 0.030645 wh:265,263,262,259 p:513,388 
29395 c:3.1414,0,1 w:-0.0022,0.0035,-0.0056 q:0.708230,-0.705320,-0.005498 0.029928 wh:263,260,262,260 p:509,389 
29516 c:3.1414,0,1 w:-0.0017,0.0040,0.0084 q:0.708133,-0.705421,-0.005041 0.029934 wh:263,262,264,261 p:504,389 
29636 c:3.1414,0,1 w:-0.0017,0.0040,0.0084 q:0.708133,-0.705421,-0.005041 0.029934 wh:263,262,264,261 p:504,389 
29760 c:3.1414,0,1 w:-0.0022,-0.0006,0.0142 q:0.707926,-0.705597,-0.004046 0.030795 wh:262,260,264,260 p:510,389 
29881 c:3.1414,0,1 w:-0.0019,0.0006,-0.0027 q:0.707773,-0.705739,-0.003869 0.031084 wh:268,267,270,264 p:510,389 
30002 c:3.1414,0,1 w:-0.0039,0.0009,-0.0146 q:0.707633,-0.705914,-0.004546 0.030188 wh:261,262,260,262 p:514,389 
30123 c:3.1414,0,1 w:-0.0039,0.0009,-0.0146 q:0.707633,-0.705914,-0.004546 0.030188 wh:261,262,260,262 p:514,389 
30243 c:3.1414,0,1 w:-0.0031,-0.0007,-0.0050 q:0.707521,-0.706039,-0.004938 0.029831 wh:264,263,264,263 p:509,389 
30369 c:3.1414,0,1 w:-0.0007,0.0060,0.0138 q:0.707466,-0.706078,-0.004140 0.030312 wh:264,262,263,259 p:506,388 
30489 c:3.1414,0,1 w:-0.0007,0.0060,0.0138 q:0.707466,-0.706078,-0.004140 0.030312 wh:264,262,263,259 p:506,388 
30609 c:3.1414,0,1 w:0.0015,-0.0021,0.0072 q:0.707511,-0.706009,-0.003279 0.030971 wh:262,262,260,257 p:513,389 
30729 c:3.1414,0,1 w:0.0004,0.0011,-0.0107 q:0.707534,-0.706002,-0.003647 0.030578 wh:264,264,263,263 p:506,389 
30853 c:3.1414,0,1 w:0.0002,-0.0001,-0.0087 q:0.707606,-0.705962,-0.004333 0.029731 wh:262,265,264,258 p:508,388 
30973 c:3.1414,0,1 w:0.0002,-0.0001,-0.0087 q:0.707606,-0.705962,-0.004333 0.029731 wh:262,265,264,258 p:508,388 
31094 c:3.1414,0,1 w:0.0033,0.0034,0.0084 q:0.707694,-0.705872,-0.004034 0.029821 wh:266,266,262,260 p:502,388 
31213 c:3.1414,0,1 w:0.0033,-0.0026,0.0135 q:0.707759,-0.705775,-0.003348 0.030628 wh:263,263,262,258 p:508,389 
31333 c:3.1414,0,1 w:0.0033,-0.0026,0.0135 q:0.707759,-0.705775,-0.003348 0.030628 wh:263,263,262,258 p:508,389 
31457 c:3.1414,0,1 w:-0.0005,0.0038,-0.0011 q:0.707809,-0.705719,-0.002930 0.030812 wh:265,264,265,262 p:503,388 
31578 c:3.1414,0,1 w:-0.0002,-0.0009,-0.0133 q:0.707889,-0.705670,-0.003668 0.030017 wh:261,263,263,259 p:496,389 
31699 c:3.1414,0,1 w:-0.0008,0.0018,-0.0067 q:0.707894,-0.705685,-0.003989 0.029504 wh:261,263,261,259 p:499,389 
31821 c:3.1414,0,1 w:-0.0008,0.0018,-0.0067 q:0.707894,-0.705685,-0.003989 0.029504 wh:261,263,261,259 p:499,389 
31945 c:3.1414,0,1 w:-0.0016,0.0000,0.0151 q:0.707816,-0.705748,-0.003398 0.029931 wh:262,265,263,261 p:501,388 
32065 c:3.1414,0,1 w:-0.0030,0.0014,0.0099 q:0.707656,-0.705874,-0.002392 0.030818 wh:264,260,263,263 p:505,388 
32185 c:3.1414,0,1 w:-0.0030,0.0014,0.0099 q:0.707656,-0.705874,-0.002392 0.030818 wh:264,260,263,263 p:505,388 
32305 c:3.1414,0,1 w:-0.0045,0.0000,-0.0140 q:0.707454,-0.706102,-0.002830 0.030205 wh:264,260,265,264 p:515,388 
32427 c:3.1414,0,1 w:-0.0046,-0.0041,-0.0140 q:0.707316,-0.706261,-0.003613 0.029635 wh:266,266,264,265 p:502,389 
32551 c:3.1414,0,1 w:-0.0021,-0.0004,0.0041 q:0.707145,-0.706429,-0.003955 0.029661 wh:264,261,264,263 p:508,389 
32672 c:3.1414,0,1 w:-0.0021,-0.0004,0.0041 q:0.707145,-0.706429,-0.003955 0.029661 wh:264,261,264,263 p:508,389 
32794 c:3.1414,0,1 w:-0.0007,0.0078,0.0139 q:0.707038,-0.706525,-0.002742 0.030057 wh:262,258,263,262 p:515,389 
32914 c:3.1414,0,1 w:-0.0021,-0.0014,-0.0036 q:0.706962,-0.706594,-0.002317 0.030267 wh:261,260,264,260 p:504,389 
33039 c:3.1414,0,1 w:-0.0021,-0.0014,-0.0036 q:0.706962,-0.706594,-0.002317 0.030267 wh:261,260,264,260 p:504,389 
33161 c:3.1414,0,1 w:0.0002,-0.0035,-0.0159 q:0.706949,-0.706630,-0.003400 0.029630 wh:265,265,262,260 p:501,389 
33283 c:3.1414,0,1 w:0.0007,0.0051,-0.0064 q:0.706985,-0.706606,-0.003800 0.029258 wh:263,262,262,257 p:511,389 
33402 c:3.1414,0,1 w:0.0007,0.0051,-0.0064 q:0.706985,-0.706606,-0.003800 0.029258 wh:263,262,262,257 p:511,389 
33522 c:3.1414,0,1 w:0.0018,0.0063,0.0136 q:0.707024,-0.706547,-0.003238 0.029819 wh:261,263,262,259 p:501,389 
33645 c:3.1414,0,1 w:0.0019,0.0035,0.0077 q:0.707129,-0.706418,-0.002390 0.030465 wh:265,266,268,262 p:503,388 
33764 c:3.1414,0,1 w:0.0033,0.0037,-0.0105 q:0.707324,-0.706242,-0.002202 0.030041 wh:265,265,264,260 p:494,388 
33884 c:3.1414,0,1 w:0.0033,0.0037,-0.0105 q:0.707324,-0.706242,-0.002202 0.030041 wh:265,265,264,260 p:494,388 
34003 c:3.1414,0,1 w:-0.0312,-0.0149,0.0029 q:0.706674,-0.706884,-0.002774 0.030179 wh:262,262,259,257 p:514,389 
34128 c:3.1414,0,1 w:-0.0880,-0.0108,-0.0076 q:0.701255,-0.712224,-0.004597 0.030813 wh:263,265,262,257 p:518,389 
34250 c:3.1414,0,1 w:-0.0880,-0.0108,-0.0076 q:0.701255,-0.712224,-0.004597 0.030813 wh:263,265,262,257 p:518,389 
34372 c:3.1414,0,1 w:-0.0868,0.0318,0.0135 q:0.695345,-0.718039,-0.003287 0.029923 wh:264,265,266,260 p:514,389 
34492 c:3.1414,0,1 w:-0.0297,-0.0070,0.1381 q:0.690959,-0.722135,0.001951 0.032931 wh:261,260,263,256 p:511,389 
