
Comms Startup 
546
556 c:3.1414,0,0 w:0.0000,0.0000,0.0000 q:0.000000,0.000000,0.000000 0.000000 wh:101,98,96,94 p:411,367 
664 c:3.1414,0,0 w:0.0000,0.0000,0.0000 q:0.000000,0.000000,0.000000 0.000000 wh:101,98,96,94 p:411,367 
775 c:3.1414,0,0 w:0.0000,0.0000,0.0000 q:0.000000,0.000000,0.000000 0.000000 wh:121,118,120,116 p:455,380 
888 c:3.1414,0,0 w:0.0000,0.0000,0.0000 q:0.000000,0.000000,0.000000 0.000000 wh:137,137,137,136 p:457,380 
1001 c:3.1414,0,0 w:0.0000,0.0000,0.0000 q:0.000000,0.000000,0.000000 0.000000 wh:137,137,137,136 p:457,380 
1120 c:3.1414,0,0 w:0.0000,0.0000,0.0000 q:0.000000,0.000000,0.000000 0.000000 wh:163,160,163,161 p:457,382 
1232 c:3.1414,0,0 w:0.0000,0.0000,0.0000 q:0.000000,0.000000,0.000000 0.000000 wh:172,169,173,173 p:474,385 
1347 c:3.1414,0,0 w:0.0000,0.0000,0.0000 q:0.000000,0.000000,0.000000 0.000000 wh:172,169,173,173 p:474,385 
1462 c:3.1414,0,0 w:0.0000,0.0000,0.0000 q:0.000000,0.000000,0.000000 0.000000 wh:182,181,180,181 p:477,387 
1575 c:3.1414,0,0 w:0.0000,0.0000,0.0000 q:0.000000,0.000000,0.000000 0.000000 wh:186,185,187,184 p:489,388 
1694 c:3.1414,0,0 w:0.0000,0.0000,0.0000 q:0.000000,0.000000,0.000000 0.000000 wh:186,185,187,184 p:489,388 
1807 c:3.1414,0,0 w:0.0000,0.0000,0.0000 q:0.000000,0.000000,0.000000 0.000000 wh:191,189,189,188 p:498,388 
1922 c:3.1414,0,0 w:0.0000,0.0000,0.0000 q:0.000000,0.000000,0.000000 0.000000 wh:194,188,195,191 p:495,389 
2035 c:3.1414,0,0 w:0.0000,0.0000,0.0000 q:0.000000,0.000000,0.000000 0.000000 wh:194,188,195,191 p:495,389 
2154 c:3.1414,0,0 w:0.0000,0.0000,0.0000 q:0.000000,0.000000,0.000000 0.000000 wh:197,191,196,193 p:496,390 
2267 c:3.1414,0,0 w:0.0025,0.0014,0.0026 q:0.999978,0.004626,-0.001076 0.003447 wh:199,194,195,196 p:492,390 
2382 c:3.1414,0,0 w:0.0014,-0.0012,-0.0032 q:0.999976,0.004977,-0.001199 0.003648 wh:202,196,199,196 p:494,391 
2499 c:3.1414,0,0 w:0.0014,-0.0012,-0.0032 q:0.999976,0.004977,-0.001199 0.003648 wh:202,196,199,196 p:494,391 
2617 c:3.1414,0,0 w:-0.0253,0.0029,-0.0101 q:0.999982,0.003702,-0.000957 0.003433 wh:200,199,199,198 p:506,391 
2739 c:3.1414,0,0 w:-0.0274,0.0071,-0.0099 q:0.999992,0.000733,-0.000031 0.002488 wh:202,196,201,201 p:506,391 
2854 c:3.1414,0,0 w:-0.0274,0.0071,-0.0099 q:0.999992,0.000733,-0.000031 0.002488 wh:202,196,201,201 p:506,391 
2972 c:3.1414,0,0 w:-0.0021,-0.0030,-0.0006 q:0.999993,0.000333,-0.000201 0.002287 wh:200,194,197,197 p:506,392 
3091 c:3.1414,0,0 w:0.0224,-0.0091,0.0133 q:0.999987,0.002146,-0.000764 0.003475 wh:203,196,200,200 p:510,392 
3211 c:3.1414,0,0 w:0.0224,-0.0091,0.0133 q:0.999987,0.002146,-0.000764 0.003475 wh:203,196,200,200 p:510,392 
3326 c:3.1414,0,0 w:-0.0053,0.0026,0.0029 q:0.999982,0.002725,-0.000962 0.004269 wh:202,195,199,198 p:500,392 
3443 c:3.1414,0,0 w:-0.0076,0.0000,-0.0032 q:0.999984,0.002209,-0.001034 0.004099 wh:199,196,198,197 p:499,392 
3560 c:3.1414,0,0 w:-0.0033,0.0107,0.0054 q:0.999986,0.001557,-0.000451 0.004108 wh:201,194,198,198 p:516,392 
3677 c:3.1414,0,0 w:-0.0033,0.0107,0.0054 q:0.999986,0.001557,-0.000451 0.004108 wh:201,194,198,198 p:516,392 
3796 c:3.1414,0,0 w:0.0034,-0.0064,0.0006 q:0.999984,0.001795,-0.000402 0.004377 wh:199,196,197,202 p:498,392 
3912 c:3.1414,0,0 w:-0.0146,0.0026,0.0157 q:0.999977,0.001458,-0.000245 0.005858 wh:203,195,198,198 p:504,392 
4029 c:3.1414,0,0 w:-0.0146,0.0026,0.0157 q:0.999977,0.001458,-0.000245 0.005858 wh:203,195,198,198 p:504,392 
4146 c:3.1414,0,0 w:-0.0169,-0.0053,0.0121 q:0.999973,0.000484,-0.000255 0.006688 wh:201,198,200,200 p:496,392 
4262 c:3.1414,0,0 w:-0.0163,-0.0044,-0.0151 q:0.999976,-0.001060,-0.000742 0.006138 wh:198,195,198,200 p:514,392 
4386 c:3.1414,0,0 w:-0.0163,-0.0044,-0.0151 q:0.999976,-0.001060,-0.000742 0.006138 wh:198,195,198,200 p:514,392 
4504 c:3.1414,0,0 w:-0.0173,-0.0007,-0.0117 q:0.999980,-0.002538,-0.000594 0.004939 wh:198,195,200,197 p:514,392 
4624 c:3.1414,0,0 w:-0.0141,0.0115,0.0113 q:0.999974,-0.003911,-0.000213 0.005204 wh:200,198,198,201 p:504,392 
4742 c:3.1414,0,0 w:-0.0141,0.0115,0.0113 q:0.999974,-0.003911,-0.000213 0.005204 wh:200,198,198,201 p:504,392 
4862 c:3.1414,0,0 w:-0.0192,-0.0102,0.0142 q:0.999965,-0.004862,-0.000151 0.006187 wh:199,196,197,198 p:501,392 
4980 c:3.1414,0,0 w:-0.0164,0.0000,0.0020 q:0.999951,-0.006394,-0.000418 0.006971 wh:199,197,197,199 p:503,392 
5098 c:3.1414,0,0 w:-0.0158,-0.0045,-0.0192 q:0.999948,-0.007846,-0.000544 0.005778 wh:201,198,201,199 p:499,392 
5218 c:3.1414,0,0 w:-0.0158,-0.0045,-0.0192 q:0.999948,-0.007846,-0.000544 0.005778 wh:201,198,201,199 p:499,392 
5337 c:3.1414,0,0 w:-0.0137,0.0069,-0.0003 q:0.999941,-0.009199,-0.000332 0.004973 wh:200,197,197,201 p:517,392 
5459 c:3.1414,0,0 w:-0.0164,-0.0035,0.0109 q:0.999923,-0.010515,-0.000108 0.005977 wh:200,195,196,200 p:501,392 
5576 c:3.1414,0,0 w:-0.0164,-0.0035,0.0109 q:0.999923,-0.010515,-0.000108 0.005977 wh:200,195,196,200 p:501,392 
5695 c:3.1414,0,0 w:-0.0128,0.0034,-0.0197 q:0.999914,-0.011404,-0.000003 0.005840 wh:204,199,202,203 p:505,392 
5814 c:3.1414,0,0 w:-0.0169,0.0072,-0.0087 q:0.999897,-0.012692,0.000238 0.006080 wh:199,194,198,200 p:499,392 
5935 c:3.1414,0,0 w:-0.0149,-0.0015,-0.0168 q:0.999886,-0.014075,0.000324 0.004582 wh:201,196,199,202 p:504,392 
6052 c:3.1414,0,0 w:-0.0149,-0.0015,-0.0168 q:0.999886,-0.014075,0.000324 0.004582 wh:201,196,199,202 p:504,392 
6171 c:3.1414,0,0 w:-0.0050,-0.0015,0.0080 q:0.999879,-0.014654,0.000125 0.004379 wh:202,197,202,200 p:500,392 
6289 c:3.1414,0,0 w:-0.0050,0.0023,0.0119 q:0.999866,-0.015068,0.000084 0.005663 wh:203,199,202,201 p:497,392 
6406 c:3.1414,0,0 w:-0.0050,0.0023,0.0119 q:0.999866,-0.015068,0.000084 0.005663 wh:203,199,202,201 p:497,392 
6525 c:3.1414,0,0 w:-0.0044,0.0031,-0.0014 q:0.999857,-0.015500,0.000371 0.006059 wh:202,198,198,202 p:501,392 
6642 c:3.1414,0,0 w:0.0243,0.0020,0.0000 q:0.999869,-0.014807,0.000530 0.005787 wh:204,196,203,203 p:515,392 
6757 c:3.1414,0,0 w:0.0243,0.0020,0.0000 q:0.999869,-0.014807,0.000530 0.005787 wh:204,196,203,203 p:515,392 
6873 c:3.1414,0,0 w:0.0821,0.0011,-0.0096 q:0.999942,-0.008969,0.000752 0.005160 wh:207,203,205,205 p:515,392 
6992 c:3.1414,0,0 w:0.1780,-0.0091,0.0073 q:0.999970,0.004096,0.000496 0.005801 wh:207,203,202,203 p:501,392 
7107 c:3.1414,0,0 w:0.1780,-0.0091,0.0073 q:0.999970,0.004096,0.000496 0.005801 wh:207,203,202,203 p:501,392 
7223 c:3.1414,0,0 w:0.2916,-0.0090,0.0025 q:0.999632,0.026219,-0.000301 0.006358 wh:201,197,202,201 p:495,392 
7340 c:3.1414,0,0 w:0.3049,-0.0099,-0.0282 q:0.998545,0.053637,-0.000852 0.004619 wh:201,196,201,199 p:499,392 
7456 c:3.1414,0,0 w:0.3066,-0.0087,-0.0191 q:0.996686,0.081246,-0.002001 0.001912 wh:203,197,199,200 p:490,392 
7578 c:3.1414,0,0 w:0.3066,-0.0087,-0.0191 q:0.996686,0.081246,-0.002001 0.001912 wh:203,197,199,200 p:490,392 
7694 c:3.1414,0,0 w:0.3066,-0.0039,0.0052 q:0.995008,0.099712,-0.002276 0.001813 wh:201,195,200,200 p:488,392 
7811 c:3.1414,0,0 w:0.3076,0.0092,0.0228 q:0.991881,0.127025,-0.001872 0.004891 wh:200,198,197,201 p:511,392 
7926 c:3.1414,0,0 w:0.3076,0.0092,0.0228 q:0.991881,0.127025,-0.001872 0.004891 wh:200,198,197,201 p:511,392 
8045 c:3.1414,0,0 w:0.3089,0.0031,-0.0037 q:0.987999,0.154331,-0.002162 0.005221 wh:203,196,201,201 p:499,392 
8161 c:3.1414,0,0 w:0.3049,-0.0166,-0.0302 q:0.983250,0.182194,-0.002688 0.002853 wh:201,198,203,199 p:498,392 
8279 c:3.1414,0,0 w:0.3049,-0.0166,-0.0302 q:0.983250,0.182194,-0.002688 0.002853 wh:201,198,203,199 p:498,392 
8395 c:3.1414,0,0 w:0.3058,-0.0123,-0.0175 q:0.979682,0.200504,-0.003361 0.001374 wh:200,193,198,200 p:509,392 
8513 c:3.1414,0,0 w:0.3038,-0.0082,0.0081 q:0.973707,0.227743,-0.004113 0.001484 wh:201,200,202,199 p:489,393 
8633 c:3.1414,0,0 w:0.3092,0.0144,0.0199 q:0.967009,0.254677,-0.003586 0.003497 wh:201,195,201,199 p:510,392 
8748 c:3.1414,0,0 w:0.3092,0.0144,0.0199 q:0.967009,0.254677,-0.003586 0.003497 wh:201,195,201,199 p:510,392 
8863 c:3.1414,0,0 w:0.3064,-0.0168,-0.0171 q:0.959586,0.281354,-0.004045 0.002972 wh:200,195,198,197 p:504,392 
8980 c:3.1414,0,0 w:0.3044,-0.0281,-0.0337 q:0.951293,0.308229,-0.005228 -0.000584 wh:199,199,196,196 p:490,392 
9103 c:3.1414,0,0 w:0.3044,-0.0281,-0.0337 q:0.951293,0.308229,-0.005228 -0.000584 wh:199,199,196,196 p:490,392 
9221 c:3.1414,0,0 w:0.3064,-0.0134,-0.0014 q:0.945313,0.326093,-0.006075 -0.001332 wh:199,198,198,199 p:495,392 
9338 c:3.1414,0,0 w:0.3058,0.0055,0.0199 q:0.935887,0.352233,-0.006259 0.000187 wh:199,197,201,197 p:505,392 
9454 c:3.1414,0,0 w:0.3058,0.0055,0.0199 q:0.935887,0.352233,-0.006259 0.000187 wh:199,197,201,197 p:505,392 
9570 c:3.1414,0,0 w:0.3095,0.0068,0.0067 q:0.925895,0.377723,-0.005783 0.001491 wh:201,199,202,200 p:503,392 
9689 c:3.1414,0,0 w:0.3064,-0.0186,-0.0293 q:0.915030,0.403329,-0.006077 -0.000357 wh:201,198,199,201 p:500,393 
9806 c:3.1414,0,0 w:0.3064,-0.0186,-0.0293 q:0.915030,0.403329,-0.006077 -0.000357 wh:201,198,199,201 p:500,393 
9925 c:3.1414,0,0 w:0.3063,-0.0262,-0.0182 q:0.903264,0.428997,-0.007462 -0.003269 wh:201,197,199,198 p:511,392 
10044 c:3.1414,0,0 w:0.3058,-0.0045,0.0031 q:0.895098,0.445773,-0.008067 -0.003559 wh:201,198,198,199 p:503,393 
10166 c:3.1414,0,0 w:0.3090,0.0161,0.0173 q:0.882248,0.470709,-0.007566 -0.002437 wh:202,194,201,198 p:489,393 
10283 c:3.1414,0,0 w:0.3090,0.0161,0.0173 q:0.882248,0.470709,-0.007566 -0.002437 wh:202,194,201,198 p:489,393 
10399 c:3.1414,0,0 w:0.3052,0.0003,-0.0150 q:0.868888,0.494949,-0.006730 -0.002201 wh:202,194,199,198 p:506,392 
10518 c:3.1414,0,0 w:0.3078,-0.0316,-0.0252 q:0.854327,0.519649,-0.007472 -0.004993 wh:199,197,200,198 p:495,392 
10638 c:3.1414,0,0 w:0.3078,-0.0316,-0.0252 q:0.854327,0.519649,-0.007472 -0.004993 wh:199,197,200,198 p:495,392 
10761 c:3.1414,0,0 w:0.3046,-0.0294,-0.0136 q:0.844218,0.535879,-0.008692 -0.006774 wh:200,198,197,197 p:512,392 
10880 c:3.1414,0,0 w:0.3073,0.0083,0.0130 q:0.828531,0.559816,-0.009667 -0.006413 wh:201,198,197,197 p:486,393 
10997 c:3.1414,0,0 w:0.3073,0.0083,0.0130 q:0.812626,0.582694,-0.009667 -0.006413 wh:201,198,197,197 p:502,392 
11115 c:3.1414,0,0 w:0.3082,0.0214,0.0058 q:0.812626,0.582694,-0.008893 -0.004462 wh:200,197,199,199 p:502,392 
11236 c:3.1414,0,0 w:0.3063,-0.0226,-0.0246 q:0.795912,0.605326,-0.008351 -0.005149 wh:201,194,197,198 p:507,393 
11355 c:3.1414,0,0 w:0.3041,-0.0420,-0.0194 q:0.778304,0.627735,-0.010111 -0.008936 wh:197,195,198,196 p:501,392 
11474 c:3.1414,0,0 w:0.3041,-0.0420,-0.0194 q:0.778304,0.627735,-0.010111 -0.008936 wh:197,195,198,196 p:501,392 
11593 c:3.1414,0,0 w:0.3070,-0.0133,-0.0032 q:0.766171,0.642455,-0.011195 -0.010025 wh:201,194,199,198 p:502,392 
11713 c:3.1414,0,0 w:0.3067,0.0135,0.0061 q:0.747601,0.663985,-0.011451 -0.008785 wh:198,196,198,197 p:508,393 
11834 c:3.1414,0,0 w:0.3067,0.0135,0.0061 q:0.747601,0.663985,-0.011451 -0.008785 wh:198,196,198,197 p:508,393 
11951 c:3.1414,0,0 w:0.3092,0.0194,-0.0070 q:0.728866,0.684541,-0.009980 -0.007017 wh:199,198,198,200 p:503,392 
12069 c:3.1414,0,0 w:0.3067,-0.0343,-0.0215 q:0.709069,0.704990,-0.010420 -0.009620 wh:202,197,199,198 p:500,393 
12189 c:3.1414,0,0 w:0.3061,-0.0345,-0.0078 q:0.695427,0.718402,-0.011703 -0.011569 wh:198,197,196,200 p:504,393 
12312 c:3.1414,0,0 w:0.3061,-0.0345,-0.0078 q:0.695427,0.718402,-0.011703 -0.011569 wh:198,197,196,200 p:504,393 
12431 c:3.1414,0,0 w:0.3058,-0.0070,0.0034 q:0.674936,0.737643,-0.013420 -0.012458 wh:199,197,200,200 p:490,392 
12550 c:3.1414,0,0 w:0.3098,0.0301,0.0023 q:0.654207,0.756138,-0.012509 -0.010215 wh:205,198,203,202 p:488,392 
12688 c:3.1414,0,0 w:0.3098,0.0301,0.0023 q:0.654207,0.756138,-0.012509 -0.010215 wh:205,198,203,202 p:488,392 
12805 c:3.1414,0,0 w:0.3072,-0.0085,-0.0200 q:0.632877,0.774088,-0.011448 -0.010676 wh:202,200,197,203 p:510,393 
12929 c:3.1414,0,0 w:0.3085,-0.0285,-0.0070 q:0.617866,0.786093,-0.011973 -0.012156 wh:200,198,199,201 p:493,393 
13047 c:3.1414,0,0 w:0.3079,-0.0308,0.0058 q:0.595093,0.803392,-0.014490 -0.014400 wh:203,195,200,202 p:501,392 
13166 c:3.1414,0,0 w:0.3079,-0.0308,0.0058 q:0.595093,0.803392,-0.014490 -0.014400 wh:203,195,200,202 p:501,392 
13284 c:3.1414,0,0 w:0.3050,0.0127,-0.0029 q:0.572261,0.819808,-0.015053 -0.014024 wh:200,198,198,199 p:493,393 
13407 c:3.1414,0,0 w:0.3089,0.0205,-0.0151 q:0.548866,0.835702,-0.013584 -0.012444 wh:201,198,198,196 p:505,392 
13533 c:3.1414,0,0 w:0.3089,0.0205,-0.0151 q:0.548866,0.835702,-0.013584 -0.012444 wh:201,198,198,196 p:505,392 
13650 c:3.1414,0,0 w:0.3078,-0.0177,-0.0090 q:0.524958,0.850923,-0.013093 -0.013043 wh:201,194,200,200 p:507,393 
13770 c:3.1414,0,0 w:0.3076,-0.0391,0.0006 q:0.508465,0.860830,-0.014400 -0.014791 wh:199,197,198,199 p:507,393 
13888 c:3.1414,0,0 w:0.3049,-0.0142,0.0060 q:0.483890,0.874818,-0.016453 -0.016237 wh:201,195,198,199 p:504,393 
14011 c:3.1414,0,0 w:0.3049,-0.0142,0.0060 q:0.483890,0.874818,-0.016453 -0.016237 wh:201,195,198,199 p:504,393 
14129 c:3.1414,0,0 w:0.3075,0.0252,-0.0104 q:0.459152,0.888086,-0.015974 -0.014780 wh:201,196,201,198 p:493,392 
14246 c:3.1414,0,0 w:0.3067,0.0035,-0.0195 q:0.434068,0.900653,-0.014203 -0.014086 wh:198,197,196,200 p:502,393 
14365 c:3.1414,0,0 w:0.3067,0.0035,-0.0195 q:0.434068,0.900653,-0.014203 -0.014086 wh:198,197,196,200 p:502,393 
14487 c:3.1414,0,0 w:0.3085,-0.0188,-0.0044 q:0.416742,0.908789,-0.014263 -0.014721 wh:200,198,200,200 p:499,393 
14606 c:3.1414,0,0 w:0.3067,-0.0386,0.0038 q:0.390662,0.920223,-0.016330 -0.017277 wh:203,197,202,199 p:502,393 
14725 c:3.1414,0,0 w:0.3067,-0.0386,0.0038 q:0.390662,0.920223,-0.016330 -0.017277 wh:203,197,202,199 p:502,393 
14843 c:3.1414,0,0 w:0.3090,0.0106,-0.0017 q:0.364306,0.930956,-0.017435 -0.017037 wh:198,197,200,197 p:504,392 
14962 c:3.1414,0,0 w:0.3056,0.0145,-0.0237 q:0.337917,0.940907,-0.015830 -0.015708 wh:201,195,199,202 p:507,393 
15084 c:3.1414,0,0 w:0.3058,0.0042,-0.0137 q:0.320291,0.947073,-0.014956 -0.015299 wh:203,196,199,198 p:512,393 
15202 c:3.1414,0,0 w:0.3058,0.0042,-0.0137 q:0.320291,0.947073,-0.014956 -0.015299 wh:203,196,199,198 p:512,393 
15320 c:3.1414,0,0 w:0.3034,-0.0401,0.0044 q:0.293186,0.955762,-0.015937 -0.017293 wh:201,196,195,200 p:507,393 
15438 c:3.1414,0,0 w:0.3095,-0.0120,0.0125 q:0.265824,0.963662,-0.018165 -0.018821 wh:199,198,199,199 p:510,392 
15561 c:3.1414,0,1 w:0.3095,-0.0120,0.0125 q:0.265824,0.963662,-0.018165 -0.018821 wh:199,198,199,199 p:510,392 
15678 c:3.1414,0,1 w:0.3066,0.0101,-0.0203 q:0.238386,0.970837,-0.017769 -0.017956 wh:200,196,199,201 p:505,392 
15798 c:3.1414,0,1 w:0.3063,0.0205,-0.0247 q:0.220072,0.975198,-0.016352 -0.016779 wh:201,195,198,200 p:500,392 
15916 c:3.1414,0,1 w:0.3073,-0.0191,-0.0056 q:0.192298,0.981064,-0.015682 -0.016733 wh:202,197,202,201 p:514,392 
16035 c:3.1414,0,1 w:0.3073,-0.0191,-0.0056 q:0.192298,0.981064,-0.015682 -0.016733 wh:202,197,202,201 p:514,392 
16158 c:3.1414,0,1 w:0.3061,-0.0369,0.0122 q:0.164376,0.986047,-0.017577 -0.019367 wh:195,195,194,198 p:504,391 
16276 c:3.1414,0,1 w:0.2953,-0.0136,-0.0050 q:0.136915,0.990182,-0.019044 -0.020559 wh:196,189,193,198 p:491,390 
16396 c:3.1414,0,1 w:0.2953,-0.0136,-0.0050 q:0.136915,0.990182,-0.019044 -0.020559 wh:196,189,193,198 p:491,390 
16515 c:3.1414,0,1 w:0.2910,0.0187,-0.0198 q:0.118961,0.992528,-0.018092 -0.019996 wh:198,183,195,217 p:491,390 
16637 c:3.1414,0,1 w:0.2798,0.0161,-0.0183 q:0.093116,0.995352,-0.016138 -0.018304 wh:194,176,194,226 p:510,390 
16755 c:3.1414,0,1 w:0.2798,0.0161,-0.0183 q:0.093116,0.995352,-0.016138 -0.018304 wh:194,176,194,226 p:510,390 
16873 c:3.1414,0,1 w:0.2688,-0.0233,0.0101 q:0.068113,0.997355,-0.016794 -0.018769 wh:195,171,195,231 p:500,390 
16993 c:3.1414,0,1 w:0.2566,-0.0342,0.0135 q:0.043959,0.998631,-0.019130 -0.020735 wh:193,162,196,247 p:496,389 
17111 c:3.1414,0,1 w:0.2472,0.0051,-0.0224 q:0.020945,0.999377,-0.018748 -0.021125 wh:196,158,200,255 p:491,389 
17232 c:3.1414,0,1 w:0.2472,0.0051,-0.0224 q:0.020945,0.999377,-0.018748 -0.021125 wh:196,158,200,255 p:491,389 
17350 c:3.1414,0,1 w:0.2427,0.0266,-0.0281 q:0.005947,0.999634,-0.017474 -0.019564 wh:195,156,199,264 p:490,389 
17469 c:3.1414,0,1 w:0.2287,-0.0065,-0.0093 q:-0.015662,0.999566,-0.016273 -0.018662 wh:195,145,200,285 p:487,389 
17589 c:3.1414,0,1 w:0.2287,-0.0065,-0.0093 q:-0.015662,0.999566,-0.016273 -0.018662 wh:195,145,200,285 p:487,389 
17714 c:3.1414,0,1 w:0.2200,-0.0217,0.0293 q:-0.036719,0.998945,-0.018483 -0.020265 wh:191,139,200,290 p:488,389 
17832 c:3.1414,0,1 w:0.2091,-0.0142,0.0015 q:-0.056624,0.997958,-0.020159 -0.021416 wh:192,139,202,301 p:488,388 
17951 c:3.1414,0,1 w:0.2091,-0.0142,0.0015 q:-0.056624,0.997958,-0.020159 -0.021416 wh:192,139,202,301 p:488,388 
18071 c:3.1414,0,1 w:0.2033,0.0052,-0.0221 q:-0.069478,0.997168,-0.019365 -0.021100 wh:190,131,198,318 p:494,388 
18191 c:3.1414,0,1 w:0.1913,0.0103,-0.0230 q:-0.087678,0.995802,-0.017300 -0.019579 wh:190,127,200,322 p:499,388 
18314 c:3.1414,0,1 w:0.1836,-0.0162,0.0190 q:-0.105134,0.994098,-0.018017 -0.019589 wh:190,119,197,339 p:487,387 
18433 c:3.1414,0,1 w:0.1836,-0.0162,0.0190 q:-0.105134,0.994098,-0.018017 -0.019589 wh:190,119,197,339 p:487,387 
18552 c:3.1414,0,1 w:0.1711,-0.0149,0.0214 q:-0.121425,0.992163,-0.020213 -0.021248 wh:194,115,201,351 p:494,387 
18672 c:3.1414,0,1 w:0.1645,-0.0065,-0.0069 q:-0.131697,0.990834,-0.020495 -0.021789 wh:193,112,201,361 p:489,388 
18796 c:3.1414,0,1 w:0.1645,-0.0065,-0.0069 q:-0.131697,0.990834,-0.020495 -0.021789 wh:193,112,201,361 p:489,388 
18916 c:3.1414,0,1 w:0.1546,0.0142,-0.0307 q:-0.146489,0.988820,-0.018341 -0.020752 wh:193,106,199,376 p:487,388 
19036 c:3.1414,0,1 w:0.1464,-0.0038,0.0002 q:-0.160370,0.986703,-0.017225 -0.019829 wh:193,103,199,385 p:486,387 
19155 c:3.1414,0,1 w:0.1464,-0.0038,0.0002 q:-0.160370,0.986703,-0.017225 -0.019829 wh:193,103,199,385 p:486,387 
19274 c:3.1414,0,1 w:0.1415,-0.0126,0.0290 q:-0.173488,0.984427,-0.019170 -0.020703 wh:192,97,201,389 p:483,387 
19397 c:3.1414,0,1 w:0.1317,-0.0151,0.0171 q:-0.181707,0.982896,-0.020371 -0.021787 wh:194,92,199,410 p:484,388 
19515 c:3.1414,0,1 w:0.1207,0.0048,-0.0220 q:-0.193219,0.980722,-0.019422 -0.021588 wh:190,91,200,417 p:492,388 
19634 c:3.1414,0,1 w:0.1207,0.0048,-0.0220 q:-0.193219,0.980722,-0.019422 -0.021588 wh:190,91,200,417 p:492,388 
19752 c:3.1414,0,1 w:0.1151,0.0142,-0.0214 q:-0.203833,0.978653,-0.017323 -0.019532 wh:191,86,204,422 p:499,389 
19874 c:3.1414,0,1 w:0.1134,-0.0075,0.0185 q:-0.214143,0.976446,-0.017916 -0.019152 wh:187,84,205,435 p:500,390 
19992 c:3.1414,0,1 w:0.1134,-0.0075,0.0185 q:-0.214143,0.976446,-0.017916 -0.019152 wh:187,84,205,435 p:500,390 
20111 c:3.1414,0,1 w:0.1077,-0.0215,0.0252 q:-0.220805,0.974904,-0.019396 -0.020538 wh:187,82,201,436 p:508,390 
20229 c:3.1414,0,1 w:0.1025,-0.0091,-0.0087 q:-0.230406,0.972646,-0.019681 -0.021856 wh:185,76,202,441 p:510,391 
20348 c:3.1414,0,1 w:0.1025,-0.0091,-0.0087 q:-0.230406,0.972646,-0.019681 -0.021856 wh:185,76,202,441 p:510,391 
20472 c:3.1414,0,1 w:0.0999,0.0080,-0.0333 q:-0.239773,0.970448,-0.017393 -0.020694 wh:190,73,205,445 p:509,391 
20590 c:3.1414,0,1 w:0.1007,0.0100,-0.0114 q:-0.245889,0.968952,-0.016566 -0.019713 wh:188,71,204,439 p:497,391 
20708 c:3.1414,0,1 w:0.0990,-0.0085,0.0258 q:-0.254855,0.966600,-0.018069 -0.019983 wh:189,68,204,441 p:497,391 
20827 c:3.1414,0,1 w:0.0990,-0.0085,0.0258 q:-0.254855,0.966600,-0.018069 -0.019983 wh:189,68,204,441 p:497,391 
20948 c:3.1414,0,1 w:0.0976,-0.0197,0.0167 q:-0.263827,0.964104,-0.020122 -0.022016 wh:191,65,204,444 p:509,391 
21066 c:3.1414,0,1 w:0.0949,0.0029,-0.0246 q:-0.272486,0.961714,-0.019044 -0.022060 wh:193,65,202,444 p:502,391 
21185 c:3.1414,0,1 w:0.0949,0.0029,-0.0246 q:-0.272486,0.961714,-0.019044 -0.022060 wh:193,65,202,444 p:502,391 
21304 c:3.1414,0,1 w:0.0938,0.0138,-0.0282 q:-0.278152,0.960147,-0.017579 -0.020752 wh:197,59,210,451 p:511,391 
21423 c:3.1414,0,1 w:0.0928,0.0028,0.0125 q:-0.286507,0.957707,-0.017710 -0.019696 wh:194,57,207,447 p:518,391 
21543 c:3.1414,0,1 w:0.0928,0.0028,0.0125 q:-0.286507,0.957707,-0.017710 -0.019696 wh:194,57,207,447 p:518,391 
21660 c:3.1414,0,1 w:0.0932,-0.0165,0.0269 q:-0.294887,0.955091,-0.019770 -0.021050 wh:190,55,205,445 p:505,392 
21779 c:3.1414,0,1 w:0.0885,-0.0096,-0.0095 q:-0.302878,0.952553,-0.020040 -0.022315 wh:190,53,202,444 p:500,392 
21898 c:3.1414,0,1 w:0.0885,0.0086,-0.0299 q:-0.308209,0.950889,-0.018690 -0.021412 wh:190,55,206,445 p:500,392 
22021 c:3.1414,0,1 w:0.0885,0.0086,-0.0299 q:-0.308209,0.950889,-0.018690 -0.021412 wh:190,55,206,445 p:500,392 
22137 c:3.1414,0,1 w:0.0885,0.0124,-0.0136 q:-0.316206,0.948334,-0.017177 -0.019289 wh:192,52,203,444 p:519,391 
22256 c:3.1414,0,1 w:0.0877,-0.0049,0.0240 q:-0.323882,0.945711,-0.018565 -0.019466 wh:193,51,205,444 p:514,391 
22375 c:3.1414,0,1 w:0.0877,-0.0049,0.0240 q:-0.323882,0.945711,-0.018565 -0.019466 wh:193,51,205,444 p:514,391 
22494 c:3.1414,0,1 w:0.0836,-0.0172,0.0078 q:-0.331453,0.943017,-0.019964 -0.021214 wh:191,51,203,441 p:503,392 
22616 c:3.1414,0,1 w:0.0853,-0.0050,-0.0134 q:-0.336509,0.941235,-0.019347 -0.021332 wh:190,49,204,441 p:504,391 
22734 c:3.1414,0,1 w:0.0853,-0.0050,-0.0134 q:-0.336509,0.941235,-0.019347 -0.021332 wh:190,49,204,441 p:504,391 
22854 c:3.1414,0,1 w:0.0850,0.0161,-0.0299 q:-0.343997,0.938610,-0.017367 -0.019182 wh:191,53,207,446 p:513,391 
22973 c:3.1414,0,1 w:0.0917,0.0035,0.0127 q:-0.351855,0.935711,-0.017452 -0.018148 wh:191,52,205,445 p:508,391 
23094 c:3.1414,0,1 w:0.0914,-0.0122,0.0264 q:-0.359709,0.932653,-0.019432 -0.019522 wh:191,55,205,443 p:507,391 
23212 c:3.1414,0,1 w:0.0914,-0.0122,0.0264 q:-0.359709,0.932653,-0.019432 -0.019522 wh:191,55,205,443 p:507,391 
23330 c:3.1414,0,1 w:0.0888,-0.0131,0.0044 q:-0.364910,0.930602,-0.019846 -0.020449 wh:193,54,204,447 p:507,391 
23448 c:3.1414,0,1 w:0.0871,0.0074,-0.0319 q:-0.372643,0.927586,-0.017951 -0.019758 wh:189,55,206,444 p:492,392 
23571 c:3.1414,0,1 w:0.0871,0.0074,-0.0319 q:-0.372643,0.927586,-0.017951 -0.019758 wh:189,55,206,444 p:492,392 
23689 c:3.1414,0,1 w:0.0876,0.0110,-0.0131 q:-0.380207,0.924579,-0.016610 -0.017643 wh:193,55,206,445 p:512,391 
23806 c:3.1414,0,1 w:0.0836,0.0035,0.0159 q:-0.384943,0.922612,-0.017331 -0.017268 wh:194,53,206,448 p:499,392 
23924 c:3.1414,0,1 w:0.0836,0.0035,0.0159 q:-0.384943,0.922612,-0.017331 -0.017268 wh:194,53,206,448 p:499,392 
24042 c:3.1414,0,1 w:0.1595,-0.0421,0.0678 q:-0.394326,0.918521,-0.020064 -0.020378 wh:194,52,204,446 p:507,392 
24164 c:3.1414,0,1 w:0.4161,-0.0368,0.0446 q:-0.422384,0.905724,-0.024427 -0.025493 wh:190,51,204,443 p:515,392 
24282 c:3.1414,0,1 w:0.9055,0.0649,-0.1225 q:-0.484417,0.874386,-0.021916 -0.017324 wh:190,51,203,442 p:510,391 
24400 c:3.1414,0,1 w:0.9055,0.0649,-0.1225 q:-0.484417,0.874386,-0.021916 -0.017324 wh:190,51,203,442 p:510,391 
24519 c:3.1414,0,1 w:1.0956,0.0058,-0.1339 q:-0.541436,0.840518,-0.016157 -0.010372 wh:190,51,202,441 p:513,391 
24641 c:3.1414,0,1 w:1.1160,-0.1235,0.0156 q:-0.627658,0.778325,-0.008980 -0.012908 wh:191,51,205,445 p:519,392 
24759 c:3.1414,0,1 w:1.1160,-0.1235,0.0156 q:-0.627658,0.778325,-0.008980 -0.012908 wh:191,51,205,445 p:519,392 
24878 c:3.1414,0,1 w:1.0624,-0.0414,0.0730 q:-0.701856,0.711873,-0.010761 -0.022601 wh:192,53,203,443 p:523,391 
24996 c:3.1414,0,1 w:0.9901,0.0738,-0.0841 q:-0.765216,0.643369,-0.014317 -0.017516 wh:191,54,204,441 p:507,391 
25136 c:3.1414,0,1 w:0.9115,0.0788,-0.1768 q:-0.800784,0.598781,-0.012825 -0.005831 wh:191,55,205,446 p:510,391 
25257 c:3.1414,0,1 w:0.9115,0.0788,-0.1768 q:-0.800784,0.598781,-0.012825 -0.005831 wh:191,55,205,446 p:510,391 
25374 c:3.1414,0,1 w:0.7555,-0.0401,-0.0447 q:-0.842987,0.537866,-0.006941 0.004011 wh:190,54,200,443 p:498,391 
25493 c:3.1414,0,1 w:0.6212,-0.0968,0.1594 q:-0.874662,0.484640,-0.004667 -0.007713 wh:191,55,203,443 p:498,392 
25612 c:3.1414,0,1 w:0.6212,-0.0968,0.1594 q:-0.874662,0.484640,-0.004667 -0.007713 wh:191,55,203,443 p:498,392 
25734 c:3.1414,0,1 w:0.4474,0.0008,0.0350 q:-0.896111,0.443435,-0.006452 -0.017365 wh:190,52,204,447 p:502,392 
25850 c:3.1414,0,1 w:0.3113,0.0487,-0.1510 q:-0.910108,0.414252,-0.006389 -0.007021 wh:190,53,205,443 p:521,391 
25969 c:3.1414,0,1 w:0.3113,0.0487,-0.1510 q:-0.910108,0.414252,-0.006389 -0.007021 wh:190,53,205,443 p:521,391 
26088 c:3.1414,0,1 w:0.2397,0.0309,-0.1147 q:-0.916546,0.399883,-0.005045 0.001520 wh:190,52,206,444 p:513,392 
26206 c:3.1414,0,1 w:0.1951,-0.0186,0.1175 q:-0.924425,0.381299,-0.006233 -0.001650 wh:192,54,206,446 p:510,391 
26328 c:3.1414,0,1 w:0.1158,-0.0346,0.1359 q:-0.928995,0.369631,-0.008302 -0.016268 wh:191,53,207,445 p:509,392 
26444 c:3.1414,0,1 w:0.1158,-0.0346,0.1359 q:-0.928995,0.369631,-0.008302 -0.016268 wh:191,53,207,445 p:509,392 
26563 c:3.1414,0,1 w:0.0935,0.0239,-0.0252 q:-0.932114,0.361560,-0.009270 -0.018507 wh:192,54,206,448 p:505,392 
26682 c:3.1414,0,1 w:0.0821,0.0648,-0.1003 q:-0.934100,0.356617,-0.010843 -0.012433 wh:189,52,202,441 p:515,392 
26804 c:3.1414,0,1 w:0.0821,0.0648,-0.1003 q:-0.934100,0.356617,-0.010843 -0.012433 wh:189,52,202,441 p:515,392 
26931 c:3.1414,0,1 w:0.0167,0.0174,-0.1058 q:-0.935081,0.354271,-0.010315 -0.000890 wh:185,52,201,434 p:515,392 
27048 c:3.1414,0,1 w:0.1106,0.0396,0.0978 q:-0.937042,0.348994,-0.011895 -0.002522 wh:183,52,198,440 p:510,392 
27165 c:3.1414,0,1 w:0.1358,-0.0751,0.1385 q:-0.940706,0.338562,-0.014729 -0.014947 wh:180,53,197,443 p:493,392 

Comms Startup 
506
538 c:3.1414,0,0 w:0.0000,0.0000,0.0000 q:0.000000,0.000000,0.000000 0.000000 wh:48,49,48,48 p:137,313 
650 c:3.1414,0,0 w:0.0000,0.0000,0.0000 q:0.000000,0.000000,0.000000 0.000000 wh:98,95,93,89 p:395,365 
757 c:3.1414,0,0 w:0.0000,0.0000,0.0000 q:0.000000,0.000000,0.000000 0.000000 wh:124,120,119,117 p:464,378 
871 c:3.1414,0,0 w:0.0000,0.0000,0.0000 q:0.000000,0.000000,0.000000 0.000000 wh:124,120,119,117 p:464,378 
984 c:3.1414,0,0 w:0.0000,0.0000,0.0000 q:0.000000,0.000000,0.000000 0.000000 wh:139,131,132,132 p:449,377 
1098 c:3.1414,0,0 w:0.0000,0.0000,0.0000 q:0.000000,0.000000,0.000000 0.000000 wh:157,153,157,155 p:466,380 
1215 c:3.1414,0,0 w:0.0000,0.0000,0.0000 q:0.000000,0.000000,0.000000 0.000000 wh:168,165,163,164 p:474,384 
1329 c:3.1414,0,0 w:0.0000,0.0000,0.0000 q:0.000000,0.000000,0.000000 0.000000 wh:168,165,163,164 p:474,384 
1442 c:3.1414,0,0 w:0.0000,0.0000,0.0000 q:0.000000,0.000000,0.000000 0.000000 wh:181,179,179,179 p:495,386 
1557 c:3.1414,0,0 w:0.0000,0.0000,0.0000 q:0.000000,0.000000,0.000000 0.000000 wh:181,178,182,180 p:499,387 
1675 c:3.1414,0,0 w:0.0000,0.0000,0.0000 q:0.000000,0.000000,0.000000 0.000000 wh:181,178,182,180 p:499,387 

Comms Startup 
505
537 c:3.1414,0,0 w:0.0000,0.0000,0.0000 q:0.000000,0.000000,0.000000 0.000000 wh:47,49,48,47 p:150,318 
645 c:3.1414,0,0 w:0.0000,0.0000,0.0000 q:0.000000,0.000000,0.000000 0.000000 wh:101,90,93,92 p:407,367 
755 c:3.1414,0,0 w:0.0000,0.0000,0.0000 q:0.000000,0.000000,0.000000 0.000000 wh:123,118,118,117 p:464,379 
868 c:3.1414,0,0 w:0.0000,0.0000,0.0000 q:0.000000,0.000000,0.000000 0.000000 wh:123,118,118,117 p:464,379 
986 c:3.1414,0,0 w:0.0000,0.0000,0.0000 q:0.000000,0.000000,0.000000 0.000000 wh:138,137,136,137 p:456,379 
1097 c:3.1414,0,0 w:0.0000,0.0000,0.0000 q:0.000000,0.000000,0.000000 0.000000 wh:157,156,157,158 p:471,381 
1212 c:3.1414,0,0 w:0.0000,0.0000,0.0000 q:0.000000,0.000000,0.000000 0.000000 wh:171,166,166,167 p:472,384 
1326 c:3.1414,0,0 w:0.0000,0.0000,0.0000 q:0.000000,0.000000,0.000000 0.000000 wh:171,166,166,167 p:472,384 
1444 c:3.1414,0,0 w:0.0000,0.0000,0.0000 q:0.000000,0.000000,0.000000 0.000000 wh:181,179,180,180 p:476,386 
1557 c:3.1414,0,0 w:0.0000,0.0000,0.0000 q:0.000000,0.000000,0.000000 0.000000 wh:186,183,182,184 p:494,387 
1672 c:3.1414,0,0 w:0.0000,0.0000,0.0000 q:0.000000,0.000000,0.000000 0.000000 wh:186,183,182,184 p:494,387 
1785 c:3.1414,0,0 w:0.0000,0.0000,0.0000 q:0.000000,0.000000,0.000000 0.000000 wh:187,184,185,188 p:490,388 
1900 c:3.1414,0,0 w:0.0000,0.0000,0.0000 q:0.000000,0.000000,0.000000 0.000000 wh:195,190,192,191 p:501,389 
2018 c:3.1414,0,0 w:0.0000,0.0000,0.0000 q:0.000000,0.000000,0.000000 0.000000 wh:195,190,192,191 p:501,389 
2130 c:3.1414,0,0 w:0.0000,0.0000,0.0000 q:0.000000,0.000000,0.000000 0.000000 wh:194,193,194,192 p:491,389 
2245 c:3.1414,0,0 w:0.0095,-0.0001,-0.0052 q:0.999916,0.009977,0.007677 0.000600 wh:198,195,195,196 p:501,389 
2362 c:3.1414,0,0 w:0.0095,-0.0001,-0.0052 q:0.999916,0.009977,0.007677 0.000600 wh:198,195,195,196 p:501,389 
2479 c:3.1414,0,0 w:0.0014,0.0044,0.0046 q:0.999912,0.010360,0.007781 0.000323 wh:199,195,194,196 p:494,390 
2596 c:3.1414,0,0 w:-0.0009,-0.0073,-0.0009 q:0.999915,0.009923,0.007948 0.000588 wh:202,197,197,196 p:503,391 
2713 c:3.1414,0,0 w:-0.0028,-0.0002,0.0025 q:0.999918,0.009798,0.007723 0.000522 wh:198,198,198,199 p:499,391 
2830 c:3.1414,0,0 w:-0.0028,-0.0002,0.0025 q:0.999918,0.009798,0.007723 0.000522 wh:198,198,198,199 p:499,391 
2947 c:3.1414,0,0 w:-0.0046,-0.0027,0.0074 q:0.999920,0.009414,0.007786 0.001234 wh:198,193,195,197 p:501,391 
3066 c:3.1414,0,0 w:-0.0226,-0.0444,-0.0267 q:0.999930,0.009548,0.006162 0.001305 wh:198,196,197,200 p:498,391 
3182 c:3.1414,0,0 w:-0.0226,-0.0444,-0.0267 q:0.999930,0.009548,0.006162 0.001305 wh:198,196,197,200 p:498,391 
3300 c:3.1414,0,0 w:0.0249,-0.0051,-0.0015 q:0.999913,0.011438,0.005813 0.000907 wh:200,196,198,198 p:511,391 
3417 c:3.1414,0,0 w:-0.0110,0.0189,0.0035 q:0.999909,0.011371,0.006568 0.001230 wh:202,198,197,197 p:511,391 
3532 c:3.1414,0,0 w:-0.0110,0.0189,0.0035 q:0.999909,0.011371,0.006568 0.001230 wh:202,198,197,197 p:511,391 
3651 c:3.1414,0,0 w:0.0090,-0.0155,0.0025 q:0.999908,0.011526,0.006411 0.001485 wh:203,198,201,202 p:514,391 
3766 c:3.1414,0,0 w:0.0383,-0.0117,-0.0177 q:0.999889,0.013669,0.005144 0.000033 wh:202,193,199,200 p:503,391 
3881 c:3.1414,0,0 w:0.0383,-0.0117,-0.0177 q:0.999889,0.013669,0.005144 0.000033 wh:202,193,199,200 p:503,391 
3998 c:3.1414,0,0 w:0.0215,-0.0092,-0.0120 q:0.999854,0.016281,0.004101 -0.001354 wh:198,194,197,198 p:515,391 
4120 c:3.1414,0,0 w:0.0059,0.0092,0.0005 q:0.999826,0.017626,0.005189 -0.001511 wh:199,195,197,200 p:504,391 
4234 c:3.1414,0,0 w:-0.0014,-0.0094,-0.0027 q:0.999848,0.016685,0.003612 -0.001900 wh:201,196,198,198 p:502,391 
4353 c:3.1414,0,0 w:-0.0014,-0.0094,-0.0027 q:0.999848,0.016685,0.003612 -0.001900 wh:201,196,198,198 p:502,391 
4471 c:3.1414,0,0 w:-0.0118,0.0025,-0.0052 q:0.999836,0.017234,0.004180 -0.002037 wh:198,193,198,198 p:492,391 
4589 c:3.1414,0,0 w:-0.0109,-0.0089,0.0049 q:0.999849,0.016596,0.003774 -0.001920 wh:199,199,197,198 p:500,391 
4710 c:3.1414,0,0 w:-0.0109,-0.0089,0.0049 q:0.999849,0.016596,0.003774 -0.001920 wh:199,199,197,198 p:500,391 
4827 c:3.1414,0,0 w:0.0288,0.0077,-0.0071 q:0.999828,0.017772,0.003857 -0.001993 wh:199,194,199,197 p:506,391 
4942 c:3.1414,0,0 w:0.0545,-0.0115,0.0323 q:0.999725,0.022799,0.004685 -0.000712 wh:200,196,199,199 p:505,391 
5059 c:3.1414,0,0 w:0.0545,-0.0115,0.0323 q:0.999725,0.022799,0.004685 -0.000712 wh:200,196,199,199 p:505,391 
5179 c:3.1414,0,0 w:0.0113,-0.0361,0.0029 q:0.999659,0.025838,0.001650 0.001663 wh:201,196,201,197 p:507,391 
5294 c:3.1414,0,0 w:0.0029,0.0230,0.0013 q:0.999670,0.025386,0.002525 0.000671 wh:201,196,199,196 p:507,391 
5408 c:3.1414,0,0 w:-0.0113,0.0002,0.0187 q:0.999686,0.024661,0.002858 0.001768 wh:201,196,198,196 p:499,392 
5524 c:3.1414,0,0 w:-0.0113,0.0002,0.0187 q:0.999686,0.024661,0.002858 0.001768 wh:201,196,198,196 p:499,392 
5639 c:3.1414,0,0 w:0.0021,0.0124,0.0035 q:0.999698,0.024084,0.003157 0.002110 wh:202,196,200,199 p:498,392 
5757 c:3.1414,0,0 w:0.0062,-0.0062,-0.0035 q:0.999691,0.024475,0.002898 0.001629 wh:201,195,199,199 p:505,391 
5872 c:3.1414,0,0 w:0.0062,-0.0062,-0.0035 q:0.999691,0.024475,0.002898 0.001629 wh:201,195,199,199 p:505,391 
5989 c:3.1414,0,0 w:0.0024,-0.0018,-0.0126 q:0.999681,0.024929,0.002646 0.001077 wh:198,195,199,199 p:502,391 
6106 c:3.1414,0,0 w:0.0099,0.0074,0.0023 q:0.999659,0.025679,0.003602 0.001334 wh:198,196,199,201 p:495,392 
6219 c:3.1414,0,0 w:0.0099,0.0074,0.0023 q:0.999659,0.025679,0.003602 0.001334 wh:198,196,199,201 p:495,392 
6338 c:3.1414,0,0 w:-0.0150,-0.0117,0.0000 q:0.999689,0.024579,0.002837 0.001446 wh:201,195,197,198 p:512,391 
6453 c:3.1414,0,0 w:-0.0009,0.0068,-0.0030 q:0.999685,0.024578,0.003585 0.001846 wh:197,198,201,202 p:502,392 
6569 c:3.1414,0,0 w:-0.0009,0.0068,-0.0030 q:0.999685,0.024578,0.003585 0.001846 wh:197,198,201,202 p:502,392 
6686 c:3.1414,0,0 w:0.0070,-0.0127,-0.0009 q:0.999674,0.025070,0.003353 0.002037 wh:203,197,197,201 p:506,392 
6829 c:3.1414,0,0 w:0.0091,-0.0083,-0.0084 q:0.999647,0.026213,0.002527 0.001718 wh:198,196,200,200 p:509,392 
6946 c:3.1414,0,0 w:-0.0029,0.0027,-0.0067 q:0.999655,0.025895,0.003171 0.001039 wh:199,192,198,204 p:511,392 
7063 c:3.1414,0,0 w:-0.0029,0.0027,-0.0067 q:0.999655,0.025895,0.003171 0.001039 wh:199,192,198,204 p:511,392 
7181 c:3.1414,0,0 w:-0.0026,0.0053,0.0199 q:0.999651,0.025886,0.003777 0.002259 wh:202,195,199,197 p:503,392 
7298 c:3.1414,0,0 w:-0.0070,0.0062,0.0084 q:0.999658,0.025503,0.004010 0.003004 wh:199,197,199,197 p:505,392 
7418 c:3.1414,0,0 w:-0.0086,0.0108,-0.0148 q:0.999672,0.024976,0.004219 0.002441 wh:200,198,196,196 p:511,392 
7536 c:3.1414,0,0 w:-0.0086,0.0108,-0.0148 q:0.999672,0.024976,0.004219 0.002441 wh:200,198,196,196 p:511,392 
7654 c:3.1414,0,0 w:-0.0054,0.0042,-0.0148 q:0.999686,0.024414,0.004778 0.000830 wh:198,195,199,195 p:514,392 
7772 c:3.1414,0,0 w:-0.0049,-0.0047,0.0104 q:0.999698,0.023924,0.004635 0.000963 wh:200,198,198,196 p:505,392 
7892 c:3.1414,0,0 w:-0.0049,-0.0047,0.0104 q:0.999698,0.023924,0.004635 0.000963 wh:200,198,198,196 p:505,392 
8011 c:3.1414,0,0 w:-0.0023,-0.0091,0.0182 q:0.999703,0.023622,0.004486 0.002544 wh:198,195,199,197 p:509,392 
8129 c:3.1414,0,0 w:-0.0058,0.0095,-0.0033 q:0.999713,0.023062,0.004841 0.002999 wh:198,196,198,198 p:498,392 
8247 c:3.1414,0,0 w:-0.0058,0.0095,-0.0033 q:0.999713,0.023062,0.004841 0.002999 wh:198,196,198,198 p:498,392 
8365 c:3.1414,0,0 w:-0.0058,0.0062,-0.0213 q:0.999723,0.022710,0.005093 0.001939 wh:200,193,197,198 p:499,392 
8485 c:3.1414,0,0 w:-0.0086,0.0050,-0.0094 q:0.999733,0.022181,0.005657 0.000706 wh:201,194,197,198 p:506,392 
8603 c:3.1414,0,0 w:-0.0032,-0.0051,0.0145 q:0.999743,0.021762,0.005386 0.001384 wh:199,198,197,199 p:495,392 
8721 c:3.1414,0,0 w:-0.0032,-0.0051,0.0145 q:0.999743,0.021762,0.005386 0.001384 wh:199,198,197,199 p:495,392 
8840 c:3.1414,0,0 w:-0.0058,-0.0016,0.0194 q:0.999748,0.021377,0.005186 0.003356 wh:201,195,195,198 p:507,392 
8957 c:3.1414,0,0 w:-0.0046,0.0074,-0.0064 q:0.999756,0.020958,0.005586 0.002947 wh:198,194,198,197 p:486,392 
9078 c:3.1414,0,0 w:-0.0046,0.0074,-0.0064 q:0.999756,0.020958,0.005586 0.002947 wh:198,194,198,197 p:486,392 
9196 c:3.1414,0,0 w:-0.0054,0.0042,-0.0168 q:0.999768,0.020416,0.006086 0.001368 wh:200,198,200,199 p:509,392 
9314 c:3.1414,0,0 w:0.0983,0.0045,0.0275 q:0.999643,0.025668,0.006477 0.002259 wh:196,193,197,197 p:502,392 
9430 c:3.1414,0,0 w:0.0983,0.0045,0.0275 q:0.999643,0.025668,0.006477 0.002259 wh:196,193,197,197 p:502,392 
9549 c:3.1414,0,0 w:0.2200,0.0015,0.0228 q:0.999080,0.042042,0.006500 0.004538 wh:197,194,197,199 p:513,392 
9665 c:3.1414,0,0 w:0.2173,-0.0167,-0.0328 q:0.998480,0.054636,0.005790 0.003346 wh:202,198,199,197 p:512,392 
9783 c:3.1414,0,0 w:0.2138,-0.0146,-0.0646 q:0.997251,0.073861,0.004725 -0.002170 wh:197,198,198,198 p:502,392 
9902 c:3.1414,0,0 w:0.2138,-0.0146,-0.0646 q:0.997251,0.073861,0.004725 -0.002170 wh:197,198,198,198 p:502,392 
10021 c:3.1414,0,0 w:0.2178,0.0059,-0.0058 q:0.995639,0.093002,0.005192 -0.004246 wh:198,194,196,197 p:506,392 
10143 c:3.1414,0,0 w:0.2194,0.0210,0.0489 q:0.993671,0.112106,0.006424 -0.000873 wh:198,194,198,201 p:514,392 
10261 c:3.1414,0,0 w:0.2194,0.0210,0.0489 q:0.993671,0.112106,0.006424 -0.000873 wh:198,194,198,201 p:514,392 
10379 c:3.1414,0,0 w:0.2176,-0.0039,0.0034 q:0.991291,0.131481,0.006675 0.001094 wh:198,195,197,199 p:508,392 
10498 c:3.1414,0,0 w:0.2165,-0.0166,-0.0571 q:0.988498,0.151068,0.005577 -0.003129 wh:199,197,195,200 p:492,392 
10621 c:3.1414,0,0 w:0.2129,-0.0121,-0.0517 q:0.986437,0.163896,0.005288 -0.006647 wh:202,195,200,201 p:499,392 
10741 c:3.1414,0,0 w:0.2129,-0.0121,-0.0517 q:0.986437,0.163896,0.005288 -0.006647 wh:202,195,200,201 p:499,392 
10861 c:3.1414,0,0 w:0.2200,0.0192,0.0242 q:0.982988,0.183430,0.005780 -0.006803 wh:201,200,199,200 p:504,392 
10979 c:3.1414,0,0 w:0.2194,0.0118,0.0374 q:0.979209,0.202700,0.006671 -0.002933 wh:200,194,200,197 p:506,392 
11097 c:3.1414,0,0 w:0.2194,0.0118,0.0374 q:0.979209,0.202700,0.006671 -0.002933 wh:200,194,200,197 p:506,392 
11217 c:3.1414,0,0 w:0.2194,-0.0146,-0.0224 q:0.975075,0.221720,0.007224 -0.002703 wh:200,198,198,196 p:503,392 
11338 c:3.1414,0,0 w:0.2149,-0.0268,-0.0554 q:0.970494,0.240900,0.005969 -0.008000 wh:202,196,198,197 p:510,392 
11458 c:3.1414,0,0 w:0.2167,-0.0150,-0.0281 q:0.967171,0.253832,0.005286 -0.010657 wh:197,195,199,199 p:501,392 
11578 c:3.1414,0,0 w:0.2167,-0.0150,-0.0281 q:0.967171,0.253832,0.005286 -0.010657 wh:197,195,199,199 p:501,392 
11702 c:3.1414,0,0 w:0.2190,0.0286,0.0397 q:0.961948,0.273017,0.005901 -0.008654 wh:199,192,196,197 p:504,392 
11820 c:3.1414,0,0 w:0.2202,0.0192,0.0187 q:0.956440,0.291777,0.007249 -0.005330 wh:200,193,199,196 p:518,392 
11937 c:3.1414,0,0 w:0.2202,0.0192,0.0187 q:0.956440,0.291777,0.007249 -0.005330 wh:200,193,199,196 p:518,392 
12055 c:3.1414,0,0 w:0.2176,-0.0181,-0.0407 q:0.950506,0.310520,0.007341 -0.007321 wh:198,195,198,196 p:518,392 
12175 c:3.1414,0,0 w:0.2150,-0.0331,-0.0504 q:0.946273,0.323110,0.006804 -0.010638 wh:199,194,196,200 p:497,392 
12299 c:3.1414,0,0 w:0.2153,-0.0112,-0.0070 q:0.939663,0.341766,0.005793 -0.013699 wh:198,195,198,198 p:507,392 
12419 c:3.1414,0,0 w:0.2153,-0.0112,-0.0070 q:0.939663,0.341766,0.005793 -0.013699 wh:198,195,198,198 p:507,392 
12538 c:3.1414,0,0 w:0.2231,0.0332,0.0432 q:0.932737,0.360344,0.006523 -0.010090 wh:199,196,197,198 p:503,392 
12656 c:3.1414,0,0 w:0.2176,0.0138,-0.0082 q:0.925619,0.378271,0.007944 -0.008322 wh:201,195,199,197 p:499,392 
12801 c:3.1414,0,0 w:0.2174,-0.0309,-0.0539 q:0.917854,0.396638,0.007970 -0.012228 wh:198,197,198,196 p:507,392 
12920 c:3.1414,0,0 w:0.2174,-0.0309,-0.0539 q:0.917854,0.396638,0.007970 -0.012228 wh:198,197,198,196 p:507,392 
13040 c:3.1414,0,0 w:0.2170,-0.0318,-0.0320 q:0.912469,0.408791,0.006767 -0.015334 wh:198,194,197,197 p:513,392 
13160 c:3.1414,0,0 w:0.2179,0.0080,0.0151 q:0.904095,0.427006,0.005828 -0.015316 wh:199,194,196,197 p:504,392 
13278 c:3.1414,0,0 w:0.2179,0.0080,0.0151 q:0.904095,0.427006,0.005828 -0.015316 wh:199,194,196,197 p:504,392 
13400 c:3.1414,0,0 w:0.2188,0.0399,0.0303 q:0.895661,0.444521,0.007068 -0.011575 wh:199,194,198,194 p:498,392 
13526 c:3.1414,0,0 w:0.2191,0.0059,-0.0249 q:0.886721,0.462072,0.008822 -0.011348 wh:198,193,196,198 p:504,392 
13644 c:3.1414,0,0 w:0.2182,-0.0416,-0.0458 q:0.877335,0.479519,0.007899 -0.016543 wh:198,195,196,198 p:512,392 
13764 c:3.1414,0,0 w:0.2182,-0.0416,-0.0458 q:0.877335,0.479519,0.007899 -0.016543 wh:198,195,196,198 p:512,392 
13888 c:3.1414,0,0 w:0.2158,-0.0283,-0.0134 q:0.870867,0.491105,0.006587 -0.018844 wh:199,195,197,195 p:491,392 
14008 c:3.1414,0,0 w:0.2205,0.0309,0.0316 q:0.861077,0.508135,0.006009 -0.017313 wh:195,191,196,196 p:510,392 
14126 c:3.1414,0,0 w:0.2205,0.0309,0.0316 q:0.861077,0.508135,0.006009 -0.017313 wh:195,191,196,196 p:510,392 
14243 c:3.1414,0,0 w:0.2210,0.0288,0.0048 q:0.850903,0.525064,0.007663 -0.014339 wh:199,195,197,198 p:503,392 
14362 c:3.1414,0,0 w:0.2181,-0.0111,-0.0345 q:0.840366,0.541708,0.009350 -0.015524 wh:198,194,194,195 p:495,392 
14485 c:3.1414,0,0 w:0.2184,-0.0405,-0.0230 q:0.829346,0.558311,0.007730 -0.020158 wh:197,193,196,194 p:485,392 
14605 c:3.1414,0,0 w:0.2184,-0.0405,-0.0230 q:0.829346,0.558311,0.007730 -0.020158 wh:197,193,196,194 p:485,392 
14725 c:3.1414,0,0 w:0.2184,-0.0254,0.0013 q:0.821816,0.569312,0.006213 -0.021337 wh:200,195,196,200 p:497,392 
14844 c:3.1414,0,0 w:0.2182,0.0468,0.0223 q:0.810472,0.585432,0.006382 -0.018840 wh:200,196,200,196 p:503,392 
14962 c:3.1414,0,0 w:0.2182,0.0468,0.0223 q:0.810472,0.585432,0.006382 -0.018840 wh:200,196,200,196 p:503,392 
15083 c:3.1414,0,0 w:0.2223,0.0321,-0.0116 q:0.798792,0.601307,0.008883 -0.016573 wh:197,193,195,196 p:494,392 
15202 c:3.1414,0,0 w:0.2194,-0.0375,-0.0369 q:0.786603,0.617061,0.009260 -0.019909 wh:201,196,200,197 p:493,392 
15323 c:3.1414,0,0 w:0.2171,-0.0332,-0.0027 q:0.774101,0.632578,0.007144 -0.023512 wh:200,195,199,197 p:501,392 
15442 c:3.1414,0,0 w:0.2171,-0.0332,-0.0027 q:0.774101,0.632578,0.007144 -0.023512 wh:200,195,199,197 p:501,392 
15565 c:3.1414,0,1 w:0.2184,-0.0045,0.0112 q:0.765628,0.642821,0.005998 -0.023463 wh:200,196,197,196 p:510,392 
15684 c:3.1414,0,1 w:0.2217,0.0489,0.0135 q:0.752861,0.657811,0.007320 -0.020557 wh:198,198,198,202 p:501,392 
15802 c:3.1414,0,1 w:0.2217,0.0489,0.0135 q:0.752861,0.657811,0.007320 -0.020557 wh:198,198,198,202 p:501,392 
15920 c:3.1414,0,1 w:0.2173,0.0128,-0.0249 q:0.739860,0.672393,0.009779 -0.019779 wh:198,195,201,197 p:484,392 
16039 c:3.1414,0,1 w:0.2173,-0.0457,-0.0267 q:0.726199,0.687009,0.009309 -0.023622 wh:201,196,199,199 p:490,391 
16162 c:3.1414,0,1 w:0.2173,-0.0457,-0.0267 q:0.726199,0.687009,0.009309 -0.023622 wh:201,196,199,199 p:490,391 
16282 c:3.1414,0,1 w:0.2049,-0.0315,0.0068 q:0.712767,0.700857,0.006282 -0.026734 wh:199,194,199,206 p:482,389 
16402 c:3.1414,0,1 w:0.1971,0.0150,0.0156 q:0.704322,0.709377,0.005620 -0.025981 wh:197,182,196,219 p:492,390 
16520 c:3.1414,0,1 w:0.1874,0.0476,-0.0120 q:0.692242,0.721239,0.008018 -0.023286 wh:196,175,193,223 p:488,390 
16642 c:3.1414,0,1 w:0.1874,0.0476,-0.0120 q:0.692242,0.721239,0.008018 -0.023286 wh:196,175,193,223 p:488,390 
16760 c:3.1414,0,1 w:0.1820,-0.0040,-0.0244 q:0.680109,0.732657,0.010476 -0.023398 wh:198,168,192,239 p:479,390 
16880 c:3.1414,0,1 w:0.1698,-0.0514,-0.0038 q:0.668334,0.743307,0.008716 -0.027209 wh:198,163,194,246 p:488,389 
17001 c:3.1414,0,1 w:0.1698,-0.0514,-0.0038 q:0.668334,0.743307,0.008716 -0.027209 wh:198,163,194,246 p:488,389 
17121 c:3.1414,0,1 w:0.1562,-0.0117,0.0138 q:0.657375,0.752994,0.006030 -0.028504 wh:199,159,194,252 p:482,389 
17244 c:3.1414,0,1 w:0.1486,0.0515,0.0008 q:0.647193,0.761854,0.006903 -0.025767 wh:200,151,194,270 p:487,388 
17361 c:3.1414,0,1 w:0.1420,0.0473,-0.0169 q:0.640605,0.767432,0.009278 -0.024074 wh:198,146,190,277 p:483,388 
17480 c:3.1414,0,1 w:0.1420,0.0473,-0.0169 q:0.640605,0.767432,0.009278 -0.024074 wh:198,146,190,277 p:483,388 
17599 c:3.1414,0,1 w:0.1348,-0.0152,-0.0531 q:0.630873,0.775348,0.011716 -0.026250 wh:200,142,194,289 p:494,388 
17722 c:3.1414,0,1 w:0.1200,-0.0416,0.0057 q:0.621831,0.782541,0.009143 -0.029402 wh:197,132,196,301 p:470,388 
17842 c:3.1414,0,1 w:0.1200,-0.0416,0.0057 q:0.621831,0.782541,0.009143 -0.029402 wh:197,132,196,301 p:470,388 
17960 c:3.1414,0,1 w:0.1113,0.0158,0.0150 q:0.613654,0.789000,0.007252 -0.029104 wh:197,128,191,312 p:488,388 
18078 c:3.1414,0,1 w:0.1044,0.0544,-0.0102 q:0.608681,0.792895,0.008892 -0.027136 wh:196,121,192,328 p:487,388 
18197 c:3.1414,0,1 w:0.1044,0.0544,-0.0102 q:0.601284,0.798546,0.012010 -0.027136 wh:196,121,192,328 p:485,388 
18320 c:3.1414,0,1 w:0.0954,0.0186,-0.0183 q:0.601284,0.798546,0.012010 -0.025070 wh:203,122,192,336 p:485,388 
18439 c:3.1414,0,1 w:0.0884,-0.0511,-0.0010 q:0.594444,0.803585,0.011192 -0.027446 wh:200,114,194,342 p:486,387 
18558 c:3.1414,0,1 w:0.0753,-0.0349,0.0138 q:0.588624,0.807804,0.008102 -0.030000 wh:202,108,191,360 p:469,387 
18677 c:3.1414,0,1 w:0.0753,-0.0349,0.0138 q:0.588624,0.807804,0.008102 -0.030000 wh:202,108,191,360 p:469,387 
18800 c:3.1414,0,1 w:0.0681,0.0108,0.0127 q:0.585096,0.810395,0.007358 -0.029315 wh:205,108,191,371 p:491,388 
18918 c:3.1414,0,1 w:0.0624,0.0573,-0.0130 q:0.580349,0.813879,0.010097 -0.026177 wh:206,104,191,372 p:481,388 
19037 c:3.1414,0,1 w:0.0624,0.0573,-0.0130 q:0.580349,0.813879,0.010097 -0.026177 wh:206,104,191,372 p:481,388 
19155 c:3.1414,0,1 w:0.0547,-0.0013,-0.0180 q:0.575907,0.817017,0.012248 -0.025623 wh:204,94,193,385 p:476,388 
19274 c:3.1414,0,1 w:0.0469,-0.0573,0.0100 q:0.572047,0.819648,0.009664 -0.028944 wh:204,96,195,396 p:475,389 
19396 c:3.1414,0,1 w:0.0414,-0.0295,0.0127 q:0.569963,0.821062,0.007534 -0.030575 wh:202,88,195,406 p:484,389 
19514 c:3.1414,0,1 w:0.0414,-0.0295,0.0127 q:0.569963,0.821062,0.007534 -0.030575 wh:202,88,195,406 p:484,389 
19632 c:3.1414,0,1 w:0.0346,0.0418,0.0009 q:0.567286,0.822963,0.007637 -0.029183 wh:203,83,196,409 p:494,389 
19748 c:3.1414,0,1 w:0.0317,0.0424,-0.0133 q:0.564826,0.824723,0.011126 -0.025916 wh:204,87,197,418 p:487,389 
19870 c:3.1414,0,1 w:0.0317,0.0424,-0.0133 q:0.564826,0.824723,0.011126 -0.025916 wh:204,87,197,418 p:487,389 
19988 c:3.1414,0,1 w:0.0285,-0.0257,-0.0044 q:0.562450,0.826325,0.011800 -0.026241 wh:201,83,199,427 p:489,389 
20107 c:3.1414,0,1 w:0.0226,-0.0563,0.0077 q:0.561240,0.827095,0.009745 -0.028658 wh:202,78,200,431 p:491,389 
20225 c:3.1414,0,1 w:0.0159,-0.0091,0.0092 q:0.559891,0.827962,0.007254 -0.030648 wh:200,74,198,427 p:488,389 
20343 c:3.1414,0,1 w:0.0159,-0.0091,0.0092 q:0.559891,0.827962,0.007254 -0.030648 wh:200,74,198,427 p:488,389 
20464 c:3.1414,0,1 w:0.0154,0.0486,-0.0050 q:0.558771,0.828794,0.009059 -0.028021 wh:198,70,198,430 p:495,390 
20582 c:3.1414,0,1 w:0.0149,0.0247,-0.0059 q:0.557624,0.829621,0.011698 -0.025282 wh:198,69,194,434 p:502,390 
20700 c:3.1414,0,1 w:0.0149,0.0247,-0.0059 q:0.557624,0.829621,0.011698 -0.025282 wh:198,69,194,434 p:502,390 
20817 c:3.1414,0,1 w:0.0085,-0.0254,-0.0027 q:0.557132,0.829928,0.011497 -0.026143 wh:199,66,196,435 p:491,390 
20940 c:3.1414,0,1 w:0.0067,-0.0499,0.0058 q:0.556588,0.830202,0.008580 -0.029866 wh:202,61,196,438 p:493,390 
21058 c:3.1414,0,1 w:0.0067,-0.0499,0.0058 q:0.556588,0.830202,0.008580 -0.029866 wh:202,61,196,438 p:493,390 
21176 c:3.1414,0,1 w:0.0003,0.0212,-0.0003 q:0.556432,0.830306,0.007941 -0.030046 wh:200,59,194,440 p:496,390 
21295 c:3.1414,0,1 w:-0.0003,0.0523,-0.0068 q:0.556427,0.830392,0.010618 -0.026785 wh:201,59,199,442 p:486,390 
21413 c:3.1414,0,1 w:0.0033,0.0221,-0.0049 q:0.556271,0.830524,0.011994 -0.025284 wh:199,56,198,438 p:494,391 
21534 c:3.1414,0,1 w:0.0033,0.0221,-0.0049 q:0.556271,0.830524,0.011994 -0.025284 wh:199,56,198,438 p:494,391 
21652 c:3.1414,0,1 w:-0.0015,-0.0430,0.0006 q:0.556312,0.830458,0.010953 -0.026969 wh:204,56,197,443 p:496,391 
21772 c:3.1414,0,1 w:-0.0043,-0.0282,0.0019 q:0.556620,0.830171,0.008704 -0.030099 wh:200,55,200,445 p:497,391 
21891 c:3.1414,0,1 w:-0.0043,-0.0282,0.0019 q:0.556620,0.830171,0.008704 -0.030099 wh:200,55,200,445 p:497,391 
22009 c:3.1414,0,1 w:-0.0066,0.0392,-0.0009 q:0.556971,0.829940,0.008747 -0.029979 wh:200,53,201,441 p:488,391 
22132 c:3.1414,0,1 w:-0.0055,0.0526,-0.0024 q:0.557423,0.829727,0.011404 -0.026352 wh:199,51,203,444 p:498,391 
22251 c:3.1414,0,1 w:-0.0028,-0.0040,0.0058 q:0.557686,0.829591,0.012287 -0.024612 wh:197,51,207,443 p:498,391 
22370 c:3.1414,0,1 w:-0.0028,-0.0040,0.0058 q:0.557686,0.829591,0.012287 -0.024612 wh:197,51,207,443 p:498,391 
22489 c:3.1414,0,1 w:-0.0064,-0.0560,-0.0006 q:0.558176,0.829183,0.009736 -0.028139 wh:194,52,205,440 p:501,391 
22612 c:3.1414,0,1 w:-0.0072,-0.0239,-0.0027 q:0.558600,0.828843,0.008600 -0.030040 wh:195,51,204,445 p:507,391 
22732 c:3.1414,0,1 w:-0.0072,-0.0239,-0.0027 q:0.558600,0.828843,0.008600 -0.030040 wh:195,51,204,445 p:507,391 
22852 c:3.1414,0,1 w:-0.0073,0.0450,0.0019 q:0.559157,0.828512,0.009593 -0.028469 wh:195,55,206,443 p:499,391 
22970 c:3.1414,0,1 w:-0.0000,0.0404,0.0028 q:0.559255,0.828544,0.011989 -0.024428 wh:197,55,204,446 p:491,391 
23088 c:3.1414,0,1 w:-0.0000,0.0404,0.0028 q:0.559255,0.828544,0.011989 -0.024428 wh:197,55,204,446 p:491,391 
23208 c:3.1414,0,1 w:0.0007,-0.0265,-0.0003 q:0.559228,0.828553,0.011503 -0.024985 wh:196,54,206,453 p:496,391 
23328 c:3.1414,0,1 w:-0.0017,-0.0511,-0.0061 q:0.559295,0.828444,0.009992 -0.027594 wh:200,55,204,445 p:505,391 
23448 c:3.1414,0,1 w:-0.0038,0.0039,-0.0023 q:0.559612,0.828174,0.009272 -0.029455 wh:201,53,200,440 p:497,392 
23567 c:3.1414,0,1 w:-0.0038,0.0039,-0.0023 q:0.559612,0.828174,0.009272 -0.029455 wh:201,53,200,440 p:497,392 
23689 c:3.1414,0,1 w:-0.0043,0.0537,0.0043 q:0.559969,0.828025,0.011196 -0.025990 wh:200,52,197,441 p:503,392 
23806 c:3.1414,0,1 w:-0.0014,0.0205,0.0072 q:0.560153,0.827970,0.012492 -0.023029 wh:202,52,195,437 p:501,391 
23924 c:3.1414,0,1 w:-0.0014,0.0205,0.0072 q:0.560153,0.827970,0.012492 -0.023029 wh:202,52,195,437 p:501,391 
24042 c:3.1414,0,1 w:-0.0025,-0.0332,-0.0026 q:0.560274,0.827868,0.011780 -0.024075 wh:201,53,197,436 p:503,391 
24163 c:3.1414,0,1 w:-0.0066,-0.0364,-0.0111 q:0.560706,0.827465,0.010234 -0.028237 wh:204,51,198,437 p:485,391 
24286 c:3.1414,0,1 w:-0.0086,0.0337,0.0017 q:0.561304,0.827065,0.011050 -0.027744 wh:202,51,195,438 p:493,391 
24403 c:3.1414,0,1 w:-0.0086,0.0337,0.0017 q:0.561304,0.827065,0.011050 -0.027744 wh:202,51,195,438 p:493,391 
24521 c:3.1414,0,1 w:-0.0019,0.0593,0.0144 q:0.561394,0.827088,0.012331 -0.024539 wh:202,53,197,440 p:504,391 
24639 c:3.1414,0,1 w:-0.0015,0.0080,0.0052 q:0.561511,0.827080,0.013051 -0.021551 wh:202,55,203,442 p:505,391 
24761 c:3.1414,0,1 w:-0.0015,0.0080,0.0052 q:0.561511,0.827080,0.013051 -0.021551 wh:202,55,203,442 p:505,391 
24879 c:3.1414,0,1 w:-0.0025,-0.0517,-0.0145 q:0.561716,0.826869,0.011733 -0.024826 wh:199,52,197,437 p:500,391 
24998 c:3.1414,0,1 w:-0.0048,-0.0354,-0.0142 q:0.561967,0.826621,0.011023 -0.027582 wh:200,53,199,438 p:503,391 
25140 c:3.1414,0,1 w:-0.0031,0.0308,0.0068 q:0.562344,0.826381,0.011717 -0.026791 wh:200,53,198,438 p:480,391 
25257 c:3.1414,0,1 w:-0.0031,0.0308,0.0068 q:0.562344,0.826381,0.011717 -0.026791 wh:200,53,198,438 p:480,391 
25379 c:3.1414,0,1 w:-0.0000,0.0473,0.0206 q:0.562350,0.826497,0.013008 -0.022089 wh:198,52,197,430 p:495,391 
25497 c:3.1414,0,1 w:-0.0011,-0.0192,-0.0038 q:0.562391,0.826491,0.012954 -0.021253 wh:203,51,194,433 p:508,391 
25617 c:3.1414,0,1 w:-0.0011,-0.0192,-0.0038 q:0.562391,0.826491,0.012954 -0.021253 wh:203,51,194,433 p:508,391 
25737 c:3.1414,0,1 w:-0.0008,-0.0506,-0.0209 q:0.562528,0.826328,0.012192 -0.024228 wh:203,54,198,436 p:495,391 
25861 c:3.1414,0,1 w:-0.0055,-0.0083,-0.0093 q:0.562886,0.826000,0.011770 -0.027132 wh:202,51,195,433 p:506,392 
25980 c:3.1414,0,1 w:-0.0052,0.0519,0.0181 q:0.563342,0.825773,0.012883 -0.023895 wh:206,51,195,436 p:494,391 
26098 c:3.1414,0,1 w:-0.0052,0.0519,0.0181 q:0.563342,0.825773,0.012883 -0.023895 wh:206,51,195,436 p:494,391 
26217 c:3.1414,0,1 w:0.0001,0.0273,0.0158 q:0.563439,0.825809,0.013462 -0.019662 wh:207,54,193,435 p:489,391 
26334 c:3.1414,0,1 w:-0.0022,-0.0227,-0.0052 q:0.563532,0.825738,0.013152 -0.020179 wh:202,53,195,433 p:498,391 
26457 c:3.1414,0,1 w:-0.0022,-0.0227,-0.0052 q:0.563532,0.825738,0.013152 -0.020179 wh:202,53,195,433 p:498,391 
26577 c:3.1414,0,1 w:-0.0023,-0.0459,-0.0232 q:0.563800,0.825438,0.012307 -0.024943 wh:204,54,193,436 p:500,391 
26697 c:3.1414,0,1 w:-0.0049,0.0208,0.0078 q:0.564143,0.825184,0.012532 -0.025463 wh:206,53,198,440 p:502,391 
26815 c:3.1414,0,1 w:-0.0035,0.0447,0.0239 q:0.564335,0.825128,0.012990 -0.022619 wh:209,53,198,437 p:506,391 
26937 c:3.1414,0,1 w:-0.0035,0.0447,0.0239 q:0.564335,0.825128,0.012990 -0.022619 wh:209,53,198,437 p:506,391 
27064 c:3.1414,0,1 w:-0.0000,0.0192,0.0162 q:0.564400,0.825180,0.013061 -0.018747 wh:204,53,196,437 p:495,391 
27182 c:3.1414,0,1 w:-0.0020,-0.0372,-0.0210 q:0.564546,0.825035,0.012896 -0.020748 wh:204,51,197,435 p:488,391 
27301 c:3.1414,0,1 w:-0.0020,-0.0372,-0.0210 q:0.564546,0.825035,0.012896 -0.020748 wh:204,51,197,435 p:488,391 
27421 c:3.1414,0,1 w:-0.0066,-0.0274,-0.0197 q:0.565007,0.824601,0.012863 -0.025033 wh:199,53,196,435 p:496,392 
27545 c:3.1414,0,1 w:-0.0069,0.0164,0.0066 q:0.565349,0.824370,0.013133 -0.024759 wh:203,54,196,430 p:501,392 
27663 c:3.1414,0,1 w:-0.0017,0.0493,0.0309 q:0.565444,0.824433,0.013405 -0.019874 wh:201,54,193,430 p:509,392 
27781 c:3.1414,0,1 w:-0.0017,0.0493,0.0309 q:0.565444,0.824433,0.013405 -0.019874 wh:201,54,193,430 p:509,392 
27899 c:3.1414,0,1 w:-0.0017,-0.0040,-0.0041 q:0.565451,0.824470,0.013569 -0.017934 wh:201,54,195,431 p:488,391 
28022 c:3.1414,0,1 w:-0.0000,-0.0418,-0.0311 q:0.565473,0.824350,0.013731 -0.022159 wh:203,52,192,432 p:501,392 
28142 c:3.1414,0,1 w:-0.0000,-0.0418,-0.0311 q:0.565473,0.824350,0.013731 -0.022159 wh:203,52,192,432 p:501,392 
28262 c:3.1414,0,1 w:-0.0031,-0.0195,-0.0130 q:0.565656,0.824164,0.013780 -0.024267 wh:206,53,191,431 p:497,392 
28382 c:3.1414,0,1 w:-0.0017,0.0390,0.0306 q:0.565867,0.824085,0.013606 -0.021992 wh:205,52,190,431 p:492,392 
28500 c:3.1414,0,1 w:-0.0017,0.0390,0.0306 q:0.565867,0.824085,0.013606 -0.021992 wh:205,52,190,431 p:492,392 
28621 c:3.1414,0,1 w:-0.0006,0.0366,0.0251 q:0.565987,0.824116,0.013664 -0.017200 wh:205,54,190,429 p:504,392 
28740 c:3.1414,0,1 w:-0.0017,-0.0037,-0.0097 q:0.566027,0.824092,0.013950 -0.016813 wh:205,53,185,425 p:497,391 
28860 c:3.1414,0,1 w:-0.0014,-0.0415,-0.0339 q:0.566136,0.823903,0.014512 -0.021312 wh:206,51,185,428 p:501,391 
28980 c:3.1414,0,1 w:-0.0014,-0.0415,-0.0339 q:0.566136,0.823903,0.014512 -0.021312 wh:206,51,185,428 p:501,391 
29100 c:3.1414,0,1 w:-0.0022,0.0034,0.0075 q:0.566432,0.823659,0.014208 -0.023037 wh:209,53,188,430 p:501,392 
29215 c:3.1414,0,1 w:-0.0009,0.0479,0.0355 q:0.566551,0.823693,0.013773 -0.018750 wh:206,51,189,425 p:498,391 
29334 c:3.1414,0,1 w:-0.0009,0.0479,0.0355 q:0.566551,0.823693,0.013773 -0.018750 wh:206,51,189,425 p:498,391 
29452 c:3.1414,0,1 w:0.0003,0.0341,0.0242 q:0.566488,0.823800,0.013669 -0.015792 wh:208,52,191,426 p:498,391 
29569 c:3.1414,0,1 w:-0.0003,-0.0216,-0.0299 q:0.566503,0.823753,0.014616 -0.016820 wh:207,54,190,430 p:512,391 
29691 c:3.1414,0,1 w:-0.0035,-0.0324,-0.0247 q:0.566683,0.823517,0.015248 -0.021183 wh:206,51,191,430 p:496,392 
29812 c:3.1414,0,1 w:-0.0035,-0.0324,-0.0247 q:0.566683,0.823517,0.015248 -0.021183 wh:206,51,191,430 p:496,392 
29932 c:3.1414,0,1 w:-0.0044,-0.0005,0.0083 q:0.566899,0.823360,0.014954 -0.021713 wh:208,52,192,432 p:490,392 
30051 c:3.1414,0,1 w:-0.0026,0.0431,0.0358 q:0.567067,0.823361,0.013988 -0.017533 wh:207,54,190,429 p:503,391 
30169 c:3.1414,0,1 w:-0.0026,0.0431,0.0358 q:0.567067,0.823361,0.013988 -0.017533 wh:207,54,190,429 p:503,391 
30290 c:3.1414,0,1 w:0.0006,0.0187,-0.0035 q:0.566998,0.823453,0.014524 -0.014784 wh:211,53,189,431 p:487,391 
30408 c:3.1414,0,1 w:-0.0019,-0.0366,-0.0386 q:0.567099,0.823292,0.015845 -0.018139 wh:209,52,189,427 p:510,391 
30528 c:3.1414,0,1 w:-0.0019,-0.0366,-0.0386 q:0.567099,0.823292,0.015845 -0.018139 wh:209,52,189,427 p:510,391 
30648 c:3.1414,0,1 w:-0.0031,-0.0306,-0.0201 q:0.567213,0.823146,0.015946 -0.020908 wh:207,54,185,428 p:494,391 
30772 c:3.1414,0,1 w:-0.0015,0.0212,0.0338 q:0.567525,0.822980,0.014810 -0.019782 wh:208,53,187,427 p:503,392 
30889 c:3.1414,0,1 w:0.0004,0.0354,0.0245 q:0.567629,0.823018,0.014186 -0.015146 wh:209,51,182,427 p:503,392 
31006 c:3.1414,0,1 w:0.0004,0.0354,0.0245 q:0.567629,0.823018,0.014186 -0.015146 wh:209,51,182,427 p:503,392 
31123 c:3.1414,0,1 w:0.0004,-0.0088,-0.0288 q:0.567707,0.822946,0.015472 -0.014867 wh:212,53,185,425 p:493,391 
31242 c:3.1414,0,1 w:-0.0009,-0.0318,-0.0369 q:0.567713,0.822873,0.016382 -0.017450 wh:212,52,182,427 p:505,391 
31366 c:3.1414,0,1 w:-0.0009,-0.0318,-0.0369 q:0.567713,0.822873,0.016382 -0.017450 wh:212,52,182,427 p:505,391 
31485 c:3.1414,0,1 w:-0.0061,-0.0192,0.0045 q:0.568006,0.822611,0.016015 -0.020401 wh:209,54,182,425 p:493,391 
31605 c:3.1414,0,1 w:0.0007,0.0340,0.0455 q:0.568197,0.822579,0.014293 -0.017411 wh:208,54,191,431 p:495,390 
31722 c:3.1414,0,1 w:-0.0012,0.0366,0.0245 q:0.568287,0.822577,0.014054 -0.014487 wh:208,52,189,422 p:504,391 
31843 c:3.1414,0,1 w:-0.0012,0.0366,0.0245 q:0.568287,0.822577,0.014054 -0.014487 wh:208,52,189,422 p:504,391 
31962 c:3.1414,0,1 w:-0.0029,-0.0024,-0.0319 q:0.568391,0.822477,0.015735 -0.014403 wh:208,52,194,431 p:498,391 
32081 c:3.1414,0,1 w:-0.0057,-0.0390,-0.0328 q:0.568764,0.822095,0.017194 -0.019039 wh:209,52,196,432 p:502,392 
32201 c:3.1414,0,1 w:-0.0057,-0.0390,-0.0328 q:0.568764,0.822095,0.017194 -0.019039 wh:209,52,196,432 p:502,392 
32321 c:3.1414,0,1 w:-0.0037,-0.0028,0.0284 q:0.569172,0.821825,0.015520 -0.019944 wh:206,52,197,428 p:504,392 
32443 c:3.1414,0,1 w:-0.0038,0.0297,0.0429 q:0.569388,0.821759,0.014155 -0.017320 wh:207,54,196,430 p:498,391 
32562 c:3.1414,0,1 w:-0.0038,0.0297,0.0429 q:0.569571,0.821689,0.014874 -0.013629 wh:208,53,193,428 p:506,391 
32679 c:3.1414,0,1 w:-0.0028,0.0302,-0.0029 q:0.569571,0.821689,0.014874 -0.013629 wh:208,53,193,428 p:506,391 
32798 c:3.1414,0,1 w:-0.0014,-0.0184,-0.0407 q:0.569667,0.821538,0.017317 -0.015710 wh:210,53,195,428 p:491,392 
32922 c:3.1414,0,1 w:-0.0046,-0.0364,-0.0265 q:0.569889,0.821311,0.017817 -0.018640 wh:211,52,192,427 p:500,392 
33042 c:3.1414,0,1 w:-0.0046,-0.0364,-0.0265 q:0.569889,0.821311,0.017817 -0.018640 wh:211,52,192,427 p:500,392 
33162 c:3.1414,0,1 w:-0.0009,-0.0010,0.0365 q:0.570116,0.821181,0.015794 -0.019269 wh:215,56,188,433 p:502,392 
33281 c:3.1414,0,1 w:0.0007,0.0396,0.0333 q:0.570092,0.821317,0.014315 -0.014861 wh:212,52,185,427 p:503,392 
33397 c:3.1414,0,1 w:0.0007,0.0396,0.0333 q:0.570092,0.821317,0.014315 -0.014861 wh:212,52,185,427 p:503,392 
33518 c:3.1414,0,1 w:0.0007,0.0140,-0.0270 q:0.570007,0.821369,0.016200 -0.013204 wh:213,54,184,428 p:505,392 
33636 c:3.1414,0,1 w:-0.0026,-0.0192,-0.0427 q:0.570063,0.821259,0.017937 -0.015213 wh:213,52,187,425 p:491,392 
33756 c:3.1414,0,1 w:0.0012,-0.0309,0.0043 q:0.570227,0.821077,0.017488 -0.018962 wh:209,54,185,419 p:493,392 
33873 c:3.1414,0,1 w:0.0012,-0.0309,0.0043 q:0.570227,0.821077,0.017488 -0.018962 wh:209,54,185,419 p:493,392 
33995 c:3.1414,0,1 w:0.0009,0.0155,0.0465 q:0.570322,0.821100,0.014696 -0.017426 wh:212,54,185,421 p:508,392 
34112 c:3.1414,0,1 w:0.0023,0.0357,0.0098 q:0.570224,0.821247,0.014531 -0.013371 wh:207,53,186,419 p:505,391 
34229 c:3.1414,0,1 w:0.0023,0.0357,0.0098 q:0.570224,0.821247,0.014531 -0.013371 wh:207,53,186,419 p:505,391 
34345 c:3.1414,0,1 w:-0.0003,0.0155,-0.0287 q:0.570238,0.821209,0.016311 -0.013031 wh:207,52,189,422 p:495,391 
34464 c:3.1414,0,1 w:-0.0014,-0.0337,-0.0331 q:0.570310,0.821048,0.018308 -0.016835 wh:208,52,188,419 p:501,392 
34588 c:3.1414,0,1 w:-0.0023,-0.0176,-0.0331 q:0.570469,0.820939,0.016411 -0.018634 wh:208,55,188,420 p:492,391 
34708 c:3.1414,0,1 w:-0.0023,-0.0176,0.0243 q:0.570469,0.820939,0.016411 -0.018634 wh:208,55,188,420 p:492,391 
34827 c:3.1414,0,1 w:-0.0022,0.0172,0.0452 q:0.570646,0.820890,0.014560 -0.016785 wh:207,52,188,424 p:505,391 
34946 c:3.1414,0,1 w:-0.0035,0.0372,-0.0001 q:0.570862,0.820801,0.015017 -0.012927 wh:209,53,188,424 p:504,391 
35067 c:3.1414,0,1 w:-0.0035,0.0372,-0.0001 q:0.570862,0.820801,0.015017 -0.012927 wh:209,53,188,424 p:504,391 
35186 c:3.1414,0,1 w:-0.0038,-0.0047,-0.0456 q:0.571047,0.820597,0.018402 -0.013408 wh:210,52,183,422 p:496,391 
35306 c:3.1414,0,1 w:-0.0009,-0.0354,-0.0062 q:0.571310,0.820334,0.018757 -0.017232 wh:208,52,184,424 p:502,392 
35426 c:3.1414,0,1 w:-0.0009,-0.0354,-0.0062 q:0.571310,0.820334,0.018757 -0.017232 wh:208,52,184,424 p:502,392 
35547 c:3.1414,0,1 w:-0.0063,-0.0210,0.0294 q:0.571590,0.820171,0.016724 -0.017776 wh:212,53,186,427 p:497,392 
35670 c:3.1414,0,1 w:-0.0015,0.0288,0.0306 q:0.571799,0.820128,0.014672 -0.014548 wh:211,51,183,419 p:499,392 
35787 c:3.1414,0,1 w:0.0004,0.0318,-0.0212 q:0.571787,0.820140,0.016833 -0.011739 wh:210,52,181,423 p:501,392 
35905 c:3.1414,0,1 w:0.0004,0.0318,-0.0212 q:0.571787,0.820140,0.016833 -0.011739 wh:210,52,181,423 p:501,392 
36023 c:3.1414,0,1 w:-0.0026,-0.0068,-0.0418 q:0.571834,0.820045,0.018878 -0.012925 wh:216,54,183,422 p:508,392 
36143 c:3.1414,0,1 w:-0.0028,-0.0392,-0.0020 q:0.572056,0.819827,0.018544 -0.016830 wh:214,53,183,422 p:504,392 
36267 c:3.1414,0,1 w:-0.0028,-0.0392,-0.0020 q:0.572056,0.819827,0.018544 -0.016830 wh:214,53,183,422 p:504,392 
36386 c:3.1414,0,1 w:-0.0006,0.0027,0.0408 q:0.572203,0.819802,0.015455 -0.016155 wh:213,52,185,423 p:498,392 
36504 c:3.1414,0,1 w:-0.0005,0.0367,0.0107 q:0.572300,0.819806,0.015006 -0.012564 wh:216,53,184,424 p:503,391 
36622 c:3.1414,0,1 w:-0.0012,0.0268,-0.0278 q:0.572335,0.819754,0.017047 -0.011689 wh:216,55,183,421 p:511,391 
36745 c:3.1414,0,1 w:-0.0012,0.0268,-0.0278 q:0.572335,0.819754,0.017047 -0.011689 wh:216,55,183,421 p:511,391 
36864 c:3.1414,0,1 w:-0.0017,-0.0225,-0.0311 q:0.572389,0.819628,0.019491 -0.013857 wh:214,51,185,420 p:500,391 
36983 c:3.1414,0,1 w:-0.0020,-0.0312,0.0208 q:0.572630,0.819453,0.016665 -0.017475 wh:212,53,182,417 p:500,391 
37102 c:3.1414,0,1 w:-0.0020,-0.0312,0.0208 q:0.572630,0.819453,0.016665 -0.017475 wh:212,53,182,417 p:500,391 
37221 c:3.1414,0,1 w:-0.0947,-0.0079,0.0865 q:0.575635,0.817447,0.012863 -0.015830 wh:209,54,183,417 p:499,391 
37344 c:3.1414,0,1 w:-0.5364,-0.0392,0.0237 q:0.603424,0.797233,0.007781 -0.015129 wh:213,54,183,421 p:502,391 
37463 c:3.1414,0,1 w:-0.5364,-0.0392,0.0237 q:0.603424,0.797233,0.007781 -0.015129 wh:213,54,183,421 p:502,391 
37603 c:3.1414,0,1 w:-0.9307,0.0435,0.0827 q:0.659060,0.752011,0.005561 -0.008956 wh:212,53,182,421 p:503,392 
37721 c:3.1414,0,1 w:-1.3166,0.0505,0.0663 q:0.735929,0.677041,0.003888 -0.000703 wh:211,51,182,417 p:510,393 
37842 c:3.1414,0,1 w:-1.4410,0.1281,-0.0821 q:0.817154,0.576276,0.011876 0.003959 wh:210,54,185,419 p:510,393 
37960 c:3.1414,0,1 w:-1.4410,0.1281,-0.0821 q:0.817154,0.576276,0.011876 0.003959 wh:210,54,185,419 p:510,393 
38078 c:3.1414,0,1 w:-1.4308,0.1210,-0.1044 q:0.864628,0.501916,0.021705 0.004364 wh:209,53,182,411 p:502,393 
38196 c:3.1414,0,1 w:-1.4139,-0.0735,0.0463 q:0.922556,0.385207,0.021251 0.006768 wh:207,54,183,394 p:507,393 
38313 c:3.1414,0,1 w:-1.4104,-0.1554,0.1227 q:0.964867,0.262341,0.003822 0.013657 wh:206,52,182,385 p:511,393 
38435 c:3.1414,0,1 w:-1.4104,-0.1554,0.1227 q:0.964867,0.262341,0.003822 0.013657 wh:206,52,182,385 p:511,393 
38553 c:3.1414,0,1 w:-1.4108,-0.0436,0.0941 q:0.983996,0.177157,-0.003618 0.018626 wh:207,53,185,375 p:511,393 
38672 c:3.1414,0,1 w:-1.0590,0.2496,0.0416 q:0.997644,0.064019,0.008872 0.022821 wh:203,53,180,356 p:515,393 
38789 c:3.1414,0,1 w:-1.0590,0.2496,0.0416 q:0.997644,0.064019,0.008872 0.022821 wh:203,53,180,356 p:515,393 
38909 c:3.1414,0,1 w:-0.7671,0.1262,-0.0299 q:0.999330,-0.011741,0.023726 0.025116 wh:207,53,182,350 p:506,391 
39028 c:3.1414,0,1 w:-0.5512,-0.1951,-0.0485 q:0.997249,-0.069781,0.013178 0.021053 wh:203,59,182,337 p:497,391 
39148 c:3.1414,0,1 w:-0.5512,-0.1951,-0.0485 q:0.993408,-0.069781,0.013178 0.021053 wh:203,59,182,337 p:509,391 
39268 c:3.1414,0,1 w:-0.4108,-0.1975,0.0498 q:0.993408,-0.111468,-0.009387 0.024885 wh:204,75,180,321 p:509,391 
39389 c:3.1414,0,1 w:-0.1197,0.0647,0.1051 q:0.991671,-0.124672,-0.009549 0.030764 wh:204,82,178,317 p:505,390 
39511 c:3.1414,0,1 w:-0.0988,0.1284,0.0104 q:0.990629,-0.132570,0.005028 0.032344 wh:205,93,175,298 p:508,390 
39628 c:3.1414,0,1 w:-0.0988,0.1284,0.0104 q:0.990629,-0.132570,0.005028 0.032344 wh:205,93,175,298 p:508,390 
39746 c:3.1414,0,1 w:-0.0127,-0.0796,-0.0788 q:0.990218,-0.136314,0.002851 0.029501 wh:204,100,180,288 p:507,392 
39867 c:3.1414,0,1 w:-0.0810,-0.0891,-0.1165 q:0.989820,-0.140379,-0.004211 0.022903 wh:203,106,184,285 p:502,392 
39993 c:3.1414,0,1 w:-0.0810,-0.0891,-0.1165 q:0.989820,-0.140379,-0.004211 0.022903 wh:203,106,184,285 p:502,392 
40115 c:3.1414,0,1 w:-0.1819,-0.0341,0.0871 q:0.987612,-0.154753,-0.009594 0.023932 wh:207,115,184,268 p:518,392 
40237 c:3.1414,0,1 w:-0.2441,0.1252,0.1370 q:0.983696,-0.176402,-0.001105 0.034857 wh:205,124,186,265 p:507,392 
40356 c:3.1414,0,1 w:-0.1358,0.0766,0.0211 q:0.980396,-0.192707,0.009695 0.039801 wh:205,129,186,261 p:501,391 

Comms Startup 
515
546 c:3.1414,0,0 w:0.0000,0.0000,0.0000 q:0.000000,0.000000,0.000000 0.000000 wh:95,97,90,90 p:406,366 
660 c:3.1414,0,0 w:0.0000,0.0000,0.0000 q:0.000000,0.000000,0.000000 0.000000 wh:95,97,90,90 p:406,366 
771 c:3.1414,0,0 w:0.0000,0.0000,0.0000 q:0.000000,0.000000,0.000000 0.000000 wh:120,117,117,118 p:464,379 
885 c:3.1414,0,0 w:0.0000,0.0000,0.0000 q:0.000000,0.000000,0.000000 0.000000 wh:138,133,133,134 p:463,378 
999 c:3.1414,0,0 w:0.0000,0.0000,0.0000 q:0.000000,0.000000,0.000000 0.000000 wh:138,133,133,134 p:463,378 
1117 c:3.1414,0,0 w:0.0000,0.0000,0.0000 q:0.000000,0.000000,0.000000 0.000000 wh:157,157,155,154 p:464,381 
1231 c:3.1414,0,0 w:0.0000,0.0000,0.0000 q:0.000000,0.000000,0.000000 0.000000 wh:170,163,165,163 p:486,384 
1347 c:3.1414,0,0 w:0.0000,0.0000,0.0000 q:0.000000,0.000000,0.000000 0.000000 wh:170,163,165,163 p:486,384 
1462 c:3.1414,0,0 w:0.0000,0.0000,0.0000 q:0.000000,0.000000,0.000000 0.000000 wh:180,175,178,176 p:494,386 
1577 c:3.1414,0,0 w:0.0000,0.0000,0.0000 q:0.000000,0.000000,0.000000 0.000000 wh:181,179,179,180 p:490,387 
1718 c:3.1414,0,0 w:0.0000,0.0000,0.0000 q:0.000000,0.000000,0.000000 0.000000 wh:187,184,183,185 p:498,387 
1833 c:3.1414,0,0 w:0.0000,0.0000,0.0000 q:0.000000,0.000000,0.000000 0.000000 wh:187,184,183,185 p:498,387 
1948 c:3.1414,0,0 w:0.0000,0.0000,0.0000 q:0.000000,0.000000,0.000000 0.000000 wh:192,187,191,192 p:504,388 
2064 c:3.1414,0,0 w:0.0000,0.0000,0.0000 q:0.000000,0.000000,0.000000 0.000000 wh:192,191,192,190 p:504,389 
2180 c:3.1414,0,0 w:0.0000,0.0000,0.0000 q:0.000000,0.000000,0.000000 0.000000 wh:192,191,192,190 p:504,389 
2298 c:3.1414,0,0 w:-0.0039,0.0039,0.0052 q:0.999934,-0.006782,-0.008728 -0.000865 wh:194,190,192,193 p:497,389 
2418 c:3.1414,0,0 w:0.0039,-0.0001,-0.0029 q:0.999933,-0.006715,-0.008862 -0.000877 wh:194,193,193,195 p:513,390 
2539 c:3.1414,0,0 w:0.0039,-0.0001,-0.0029 q:0.999933,-0.006715,-0.008862 -0.000877 wh:194,193,193,195 p:513,390 
2660 c:3.1414,0,0 w:-0.0004,-0.0053,0.0034 q:0.999934,-0.006600,-0.008928 -0.000806 wh:199,193,195,194 p:506,390 
2785 c:3.1414,0,0 w:-0.0068,0.0079,-0.0003 q:0.999935,-0.007195,-0.008276 -0.000744 wh:195,194,197,193 p:509,390 
2906 c:3.1414,0,0 w:0.0037,0.0041,-0.0033 q:0.999937,-0.007195,-0.008043 -0.000888 wh:195,194,194,197 p:504,390 
3025 c:3.1414,0,0 w:0.0037,0.0041,-0.0033 q:0.999937,-0.007195,-0.008043 -0.000888 wh:195,194,194,197 p:504,390 
3146 c:3.1414,0,0 w:-0.0062,-0.0060,0.0061 q:0.999938,-0.007340,-0.007808 -0.000835 wh:197,193,198,196 p:500,391 
3267 c:3.1414,0,0 w:-0.0036,0.0045,-0.0029 q:0.999937,-0.007848,-0.007498 -0.000599 wh:197,191,196,197 p:506,391 
3391 c:3.1414,0,0 w:-0.0036,0.0045,-0.0029 q:0.999937,-0.007848,-0.007498 -0.000599 wh:197,191,196,197 p:506,391 
3512 c:3.1414,0,0 w:-0.0012,-0.0030,-0.0010 q:0.999934,-0.007816,-0.007814 -0.000979 wh:198,192,194,195 p:508,391 
3635 c:3.1414,0,0 w:-0.0068,0.0028,0.0005 q:0.999924,-0.008081,-0.008773 -0.000494 wh:198,192,193,195 p:509,391 
3755 c:3.1414,0,0 w:-0.0053,-0.0037,0.0019 q:0.999918,-0.008345,-0.009215 -0.000425 wh:198,193,195,198 p:510,391 
3879 c:3.1414,0,0 w:-0.0053,-0.0037,0.0019 q:0.999918,-0.008345,-0.009215 -0.000425 wh:198,193,195,198 p:510,391 
4000 c:3.1414,0,0 w:-0.0050,0.0106,0.0048 q:0.999916,-0.008797,-0.009031 -0.000077 wh:195,190,194,193 p:503,391 
4120 c:3.1414,0,0 w:-0.0163,0.0038,0.0046 q:0.999907,-0.010079,-0.008691 0.000473 wh:196,190,193,193 p:517,391 
4239 c:3.1414,0,0 w:-0.0163,0.0038,0.0046 q:0.999907,-0.010079,-0.008691 0.000473 wh:196,190,193,193 p:517,391 
4358 c:3.1414,0,0 w:-0.0080,-0.0011,-0.0033 q:0.999901,-0.011075,-0.008148 0.000393 wh:197,196,196,197 p:513,391 
4483 c:3.1414,0,0 w:-0.0041,-0.0033,0.0009 q:0.999893,-0.011452,-0.008567 0.000581 wh:197,190,197,194 p:505,391 
4602 c:3.1414,0,0 w:-0.0070,-0.0091,-0.0017 q:0.999884,-0.011910,-0.009038 0.000475 wh:195,192,194,193 p:499,391 
4723 c:3.1414,0,0 w:-0.0070,-0.0091,-0.0017 q:0.999884,-0.011910,-0.009038 0.000475 wh:195,192,194,193 p:499,391 
4845 c:3.1414,0,0 w:-0.0031,-0.0065,0.0016 q:0.999872,-0.012255,-0.009795 0.000672 wh:199,197,196,195 p:507,391 
4968 c:3.1414,0,0 w:-0.0038,0.0001,-0.0050 q:0.999870,-0.012552,-0.009714 0.000578 wh:198,194,196,198 p:502,391 
5088 c:3.1414,0,0 w:-0.0038,0.0001,-0.0050 q:0.999870,-0.012552,-0.009714 0.000578 wh:198,194,196,198 p:502,391 
5208 c:3.1414,0,0 w:-0.0027,0.0085,0.0000 q:0.999875,-0.012635,-0.009053 0.000452 wh:199,195,194,197 p:519,391 
5326 c:3.1414,0,0 w:-0.0024,-0.0053,-0.0013 q:0.999868,-0.012884,-0.009413 0.000068 wh:197,193,195,194 p:499,391 
5448 c:3.1414,0,0 w:-0.0024,-0.0053,-0.0013 q:0.999868,-0.012884,-0.009413 0.000068 wh:197,193,195,194 p:499,391 
5572 c:3.1414,0,0 w:-0.0021,-0.0024,0.0072 q:0.999865,-0.013026,-0.009616 0.000434 wh:198,194,194,196 p:504,391 
5692 c:3.1414,0,0 w:-0.0025,-0.0071,0.0003 q:0.999853,-0.013272,-0.010376 0.000788 wh:198,194,196,200 p:511,391 
5812 c:3.1414,0,0 w:-0.0271,-0.0019,-0.0044 q:0.999832,-0.014716,-0.010553 0.000455 wh:198,198,198,196 p:508,391 
5934 c:3.1414,0,0 w:-0.0271,-0.0019,-0.0044 q:0.999832,-0.014716,-0.010553 0.000455 wh:198,198,198,196 p:508,391 
6057 c:3.1414,0,0 w:-0.0377,0.0015,0.0017 q:0.999784,-0.017668,-0.010500 0.000340 wh:203,197,199,199 p:500,391 
6176 c:3.1414,0,0 w:-0.0627,0.0056,0.0025 q:0.999725,-0.020983,-0.010012 0.000385 wh:200,194,196,195 p:497,391 
6295 c:3.1414,0,0 w:-0.0627,0.0056,0.0025 q:0.999725,-0.020983,-0.010012 0.000385 wh:200,194,196,195 p:497,391 
6414 c:3.1414,0,0 w:-0.1032,-0.0033,0.0083 q:0.999510,-0.029343,-0.010440 0.001163 wh:198,197,200,199 p:498,391 
6535 c:3.1414,0,0 w:-0.1235,0.0036,0.0037 q:0.999127,-0.040382,-0.010141 0.001524 wh:198,191,194,195 p:502,391 
6657 c:3.1414,0,0 w:-0.1246,0.0157,0.0055 q:0.998623,-0.051585,-0.008909 0.001671 wh:195,194,193,195 p:510,391 
6776 c:3.1414,0,0 w:-0.1246,0.0157,0.0055 q:0.998623,-0.051585,-0.008909 0.001671 wh:195,194,193,195 p:510,391 
6895 c:3.1414,0,0 w:-0.1230,-0.0089,0.0071 q:0.997981,-0.062770,-0.008964 0.002026 wh:196,195,198,197 p:513,391 
7015 c:3.1414,0,0 w:-0.1727,-0.0214,0.0017 q:0.997350,-0.071938,-0.010151 0.002383 wh:197,195,194,194 p:509,391 
7138 c:3.1414,0,0 w:-0.1727,-0.0214,0.0017 q:0.997350,-0.071938,-0.010151 0.002383 wh:197,195,194,194 p:509,391 
7258 c:3.1414,0,0 w:-0.2128,0.0041,0.0005 q:0.995759,-0.091270,-0.011023 0.001994 wh:199,192,199,194 p:509,391 
7377 c:3.1414,0,0 w:-0.2122,0.0306,0.0231 q:0.993785,-0.110897,-0.008636 0.003054 wh:196,194,194,197 p:513,391 
7496 c:3.1414,0,0 w:-0.2119,0.0019,0.0155 q:0.991457,-0.130118,-0.007221 0.004673 wh:195,194,195,195 p:508,391 
7615 c:3.1414,0,0 w:-0.2119,0.0019,0.0155 q:0.991457,-0.130118,-0.007221 0.004673 wh:195,194,195,195 p:508,391 
7738 c:3.1414,0,0 w:-0.2104,-0.0191,-0.0009 q:0.989655,-0.143118,-0.008191 0.004921 wh:197,194,197,198 p:516,391 
7859 c:3.1414,0,0 w:-0.2130,-0.0121,-0.0039 q:0.986546,-0.163085,-0.010054 0.004553 wh:196,193,196,198 p:505,391 
7980 c:3.1414,0,0 w:-0.2130,-0.0121,-0.0039 q:0.986546,-0.163085,-0.010054 0.004553 wh:196,193,196,198 p:505,391 
8100 c:3.1414,0,0 w:-0.2124,0.0149,0.0118 q:0.983116,-0.182655,-0.009429 0.004728 wh:194,193,196,193 p:515,392 
8223 c:3.1414,0,0 w:-0.2134,0.0157,0.0251 q:0.979366,-0.201850,-0.007216 0.006260 wh:198,194,195,193 p:507,391 
8342 c:3.1414,0,0 w:-0.2131,-0.0013,0.0089 q:0.976645,-0.214622,-0.006819 0.006803 wh:201,196,199,198 p:507,391 
8462 c:3.1414,0,0 w:-0.2131,-0.0013,0.0089 q:0.976645,-0.214622,-0.006819 0.006803 wh:201,196,199,198 p:507,391 
8582 c:3.1414,0,0 w:-0.2148,-0.0277,-0.0162 q:0.972094,-0.234315,-0.009092 0.006202 wh:198,193,194,194 p:511,391 
8702 c:3.1414,0,0 w:-0.2153,-0.0031,-0.0006 q:0.967089,-0.254130,-0.010810 0.005650 wh:195,195,194,196 p:496,391 
8827 c:3.1414,0,0 w:-0.2153,-0.0031,-0.0006 q:0.967089,-0.254130,-0.010810 0.005650 wh:195,195,194,196 p:496,391 
8948 c:3.1414,0,0 w:-0.2136,0.0227,0.0222 q:0.961858,-0.273307,-0.009072 0.006405 wh:201,196,197,195 p:516,392 
9067 c:3.1414,0,0 w:-0.2119,0.0203,0.0284 q:0.958232,-0.285782,-0.007484 0.007482 wh:198,193,196,195 p:504,391 
9186 c:3.1414,0,0 w:-0.2119,0.0203,0.0284 q:0.958232,-0.285782,-0.007484 0.007482 wh:198,193,196,195 p:504,391 
9309 c:3.1414,0,0 w:-0.2131,-0.0089,-0.0049 q:0.952369,-0.304719,-0.007918 0.008254 wh:198,194,194,195 p:509,392 
9430 c:3.1414,0,0 w:-0.2122,-0.0144,-0.0146 q:0.946028,-0.323833,-0.009899 0.007495 wh:200,195,197,199 p:505,391 
9550 c:3.1414,0,0 w:-0.2144,-0.0005,0.0023 q:0.941527,-0.336685,-0.010377 0.007398 wh:198,193,197,194 p:520,391 
9670 c:3.1414,0,0 w:-0.2144,-0.0005,0.0023 q:0.941527,-0.336685,-0.010377 0.007398 wh:198,193,197,194 p:520,391 
9794 c:3.1414,0,0 w:-0.2116,0.0209,0.0281 q:0.934718,-0.355184,-0.008302 0.008334 wh:197,195,194,197 p:515,392 
9913 c:3.1414,0,0 w:-0.2121,0.0143,0.0177 q:0.927648,-0.373275,-0.005911 0.009593 wh:199,194,200,200 p:514,391 
10032 c:3.1414,0,0 w:-0.2121,0.0143,0.0177 q:0.927648,-0.373275,-0.005911 0.009593 wh:199,194,200,200 p:514,391 
10151 c:3.1414,0,0 w:-0.2118,-0.0204,-0.0133 q:0.920098,-0.391494,-0.007275 0.009510 wh:198,197,197,198 p:514,392 
10274 c:3.1414,0,0 w:-0.2099,-0.0140,-0.0140 q:0.914768,-0.403776,-0.008748 0.008909 wh:198,197,199,197 p:507,392 
10399 c:3.1414,0,0 w:-0.2134,0.0146,0.0159 q:0.906421,-0.422190,-0.008291 0.008913 wh:200,200,200,198 p:505,392 
10519 c:3.1414,0,0 w:-0.2134,0.0146,0.0159 q:0.906421,-0.422190,-0.008291 0.008913 wh:200,200,200,198 p:505,392 
10640 c:3.1414,0,0 w:-0.2113,0.0193,0.0309 q:0.897805,-0.440229,-0.005422 0.010365 wh:197,194,199,198 p:507,391 
10760 c:3.1414,0,0 w:-0.2098,-0.0065,0.0022 q:0.889105,-0.457532,-0.004893 0.011198 wh:197,194,196,196 p:519,392 
10884 c:3.1414,0,0 w:-0.2098,-0.0065,0.0022 q:0.889105,-0.457532,-0.004893 0.011198 wh:197,194,196,196 p:519,392 
11005 c:3.1414,0,0 w:-0.2137,-0.0127,-0.0192 q:0.882888,-0.469415,-0.006156 0.010588 wh:199,196,194,195 p:517,392 
11127 c:3.1414,0,0 w:-0.2119,-0.0007,0.0016 q:0.873089,-0.487395,-0.007387 0.009895 wh:198,191,198,195 p:504,392 
11248 c:3.1414,0,0 w:-0.2124,0.0109,0.0292 q:0.863161,-0.504765,-0.005534 0.011191 wh:199,192,196,194 p:505,391 
11369 c:3.1414,0,0 w:-0.2124,0.0109,0.0292 q:0.863161,-0.504765,-0.005534 0.011191 wh:199,192,196,194 p:505,391 
11492 c:3.1414,0,0 w:-0.2122,0.0100,0.0246 q:0.856463,-0.516039,-0.004216 0.012209 wh:197,196,196,195 p:508,392 
11612 c:3.1414,0,0 w:-0.2115,-0.0019,-0.0068 q:0.846327,-0.532496,-0.003936 0.012399 wh:195,193,197,195 p:504,392 
11735 c:3.1414,0,0 w:-0.2115,-0.0019,-0.0068 q:0.846327,-0.532496,-0.003936 0.012399 wh:195,193,197,195 p:504,392 
11856 c:3.1414,0,0 w:-0.2136,-0.0149,-0.0226 q:0.835343,-0.549569,-0.006390 0.011239 wh:197,195,197,198 p:501,392 
11982 c:3.1414,0,0 w:-0.2124,0.0010,0.0161 q:0.824079,-0.566307,-0.007044 0.011512 wh:199,192,198,195 p:508,392 
12102 c:3.1414,0,0 w:-0.2089,0.0169,0.0399 q:0.816699,-0.576894,-0.005035 0.012773 wh:195,192,195,193 p:509,392 
12222 c:3.1414,0,0 w:-0.2089,0.0169,0.0399 q:0.816699,-0.576894,-0.005035 0.012773 wh:195,192,195,193 p:509,392 
12342 c:3.1414,0,0 w:-0.2081,0.0090,0.0142 q:0.805385,-0.592572,-0.002931 0.013979 wh:198,195,196,198 p:526,392 
12463 c:3.1414,0,0 w:-0.2107,-0.0024,-0.0178 q:0.793830,-0.607979,-0.003485 0.013185 wh:199,193,197,198 p:515,391 
12588 c:3.1414,0,0 w:-0.2107,-0.0024,-0.0178 q:0.793830,-0.607979,-0.003485 0.013185 wh:199,193,197,198 p:515,391 
12709 c:3.1414,0,0 w:-0.2107,-0.0082,-0.0043 q:0.781369,-0.623917,-0.004935 0.012532 wh:196,192,193,196 p:511,392 
12832 c:3.1414,0,0 w:-0.2090,0.0085,0.0271 q:0.773053,-0.634182,-0.004187 0.013256 wh:198,195,198,196 p:508,392 
12974 c:3.1414,0,0 w:-0.2108,0.0039,0.0297 q:0.760611,-0.649028,-0.001564 0.014923 wh:199,193,199,199 p:515,392 
13096 c:3.1414,0,0 w:-0.2108,0.0039,0.0297 q:0.760611,-0.649028,-0.001564 0.014923 wh:199,193,199,199 p:515,392 
13217 c:3.1414,0,0 w:-0.2093,0.0016,-0.0065 q:0.747896,-0.663633,-0.001210 0.015256 wh:194,190,194,195 p:518,392 
13338 c:3.1414,0,0 w:-0.2127,-0.0121,-0.0221 q:0.734401,-0.678554,-0.003318 0.014145 wh:199,195,196,197 p:496,392 
13460 c:3.1414,0,0 w:-0.2095,-0.0140,0.0025 q:0.725348,-0.688210,-0.004356 0.014492 wh:199,194,194,196 p:518,392 
13582 c:3.1414,0,0 w:-0.2095,-0.0140,0.0025 q:0.725348,-0.688210,-0.004356 0.014492 wh:199,194,194,196 p:518,392 
13706 c:3.1414,0,0 w:-0.2067,-0.0001,0.0367 q:0.711805,-0.702168,-0.003116 0.016577 wh:197,193,195,193 p:513,392 
13836 c:3.1414,0,0 w:-0.2122,0.0056,0.0170 q:0.697925,-0.715941,-0.001174 0.017859 wh:198,193,198,196 p:520,392 
13956 c:3.1414,0,0 w:-0.2122,0.0056,0.0170 q:0.683748,-0.729514,-0.002138 0.016887 wh:197,197,196,196 p:512,392 
14076 c:3.1414,0,0 w:-0.2122,0.0077,-0.0217 q:0.683748,-0.729514,-0.002138 0.016887 wh:197,197,196,196 p:512,392 
14200 c:3.1414,0,0 w:-0.2127,-0.0008,-0.0172 q:0.674061,-0.738490,-0.003277 0.015970 wh:197,192,193,195 p:506,392 
14322 c:3.1414,0,0 w:-0.2098,-0.0049,0.0242 q:0.659177,-0.751787,-0.003305 0.016796 wh:197,192,197,196 p:504,392 
14444 c:3.1414,0,0 w:-0.2098,-0.0049,0.0242 q:0.659177,-0.751787,-0.003305 0.016796 wh:197,192,197,196 p:504,392 
14565 c:3.1414,0,0 w:-0.2095,0.0079,0.0355 q:0.644342,-0.764501,-0.001034 0.018773 wh:199,194,196,195 p:525,392 
14685 c:3.1414,0,0 w:-0.2115,0.0135,0.0142 q:0.634244,-0.772895,0.000194 0.018948 wh:197,192,195,195 p:518,392 
14807 c:3.1414,0,0 w:-0.2118,0.0090,-0.0178 q:0.618704,-0.785423,-0.000374 0.017509 wh:198,193,194,197 p:503,392 
14928 c:3.1414,0,0 w:-0.2118,0.0090,-0.0178 q:0.618704,-0.785423,-0.000374 0.017509 wh:198,193,194,197 p:503,392 
15049 c:3.1414,0,0 w:-0.2092,-0.0042,0.0075 q:0.602578,-0.797861,-0.001296 0.017523 wh:198,193,196,195 p:500,392 
15170 c:3.1414,0,0 w:-0.2108,-0.0103,0.0251 q:0.591794,-0.805848,-0.000047 0.019505 wh:195,196,196,196 p:522,392 
15294 c:3.1414,0,0 w:-0.2108,-0.0103,0.0251 q:0.591794,-0.805848,-0.000047 0.019505 wh:195,196,196,196 p:522,392 
15416 c:3.1414,0,0 w:-0.2086,0.0079,0.0300 q:0.575722,-0.817363,0.002215 0.021194 wh:199,194,198,199 p:505,392 
15535 c:3.1414,0,0 w:-0.2082,0.0174,-0.0068 q:0.559682,-0.828447,0.003149 0.020315 wh:197,197,197,196 p:504,392 
15654 c:3.1414,0,1 w:-0.2121,-0.0033,-0.0171 q:0.542978,-0.839525,0.001500 0.019051 wh:196,195,195,196 p:518,392 
15775 c:3.1414,0,1 w:-0.2121,-0.0033,-0.0171 q:0.542978,-0.839525,0.001500 0.019051 wh:196,195,195,196 p:518,392 
15900 c:3.1414,0,1 w:-0.2079,-0.0085,0.0096 q:0.531654,-0.846729,0.001112 0.019583 wh:195,194,193,196 p:504,392 
16020 c:3.1414,0,1 w:-0.2069,0.0027,0.0423 q:0.514807,-0.857024,0.003449 0.021510 wh:194,193,195,198 p:509,392 
16139 c:3.1414,0,1 w:-0.2069,0.0027,0.0423 q:0.514807,-0.857024,0.003449 0.021510 wh:194,193,195,198 p:509,392 
16258 c:3.1414,0,1 w:-0.2090,0.0167,0.0104 q:0.497868,-0.866959,0.005492 0.021684 wh:193,191,193,193 p:509,392 
16379 c:3.1414,0,1 w:-0.2072,0.0144,-0.0174 q:0.486450,-0.873447,0.005074 0.020577 wh:192,196,192,191 p:499,389 
16499 c:3.1414,0,1 w:-0.2072,0.0144,-0.0174 q:0.486450,-0.873447,0.005074 0.020577 wh:192,196,192,191 p:499,389 
16620 c:3.1414,0,1 w:-0.1930,-0.0039,-0.0082 q:0.470010,-0.882430,0.003486 0.019697 wh:192,199,194,186 p:478,390 
16741 c:3.1414,0,1 w:-0.1827,-0.0175,0.0260 q:0.454201,-0.890630,0.004163 0.021285 wh:195,218,195,176 p:496,390 
16861 c:3.1414,0,1 w:-0.1745,-0.0080,0.0286 q:0.444082,-0.895677,0.005484 0.022687 wh:190,224,192,174 p:503,390 
16985 c:3.1414,0,1 w:-0.1745,-0.0080,0.0286 q:0.444082,-0.895677,0.005484 0.022687 wh:190,224,192,174 p:503,390 
17104 c:3.1414,0,1 w:-0.1640,0.0123,-0.0007 q:0.429880,-0.902575,0.006387 0.022628 wh:190,231,189,167 p:491,390 
17224 c:3.1414,0,1 w:-0.1531,0.0132,-0.0160 q:0.416290,-0.908978,0.005619 0.020554 wh:191,247,187,157 p:487,390 
17344 c:3.1414,0,1 w:-0.1531,0.0132,-0.0160 q:0.416290,-0.908978,0.005619 0.020554 wh:191,247,187,157 p:487,390 
17468 c:3.1414,0,1 w:-0.1464,-0.0120,-0.0027 q:0.407774,-0.912830,0.004923 0.020720 wh:189,253,189,152 p:503,389 
17589 c:3.1414,0,1 w:-0.1400,-0.0153,0.0258 q:0.395329,-0.918230,0.005784 0.022961 wh:190,261,185,149 p:486,389 
17709 c:3.1414,0,1 w:-0.1241,0.0093,0.0165 q:0.384068,-0.922955,0.007454 0.024105 wh:186,273,185,137 p:495,389 
17827 c:3.1414,0,1 w:-0.1241,0.0093,0.0165 q:0.384068,-0.922955,0.007454 0.024105 wh:186,273,185,137 p:495,389 
17946 c:3.1414,0,1 w:-0.1180,0.0138,-0.0226 q:0.373499,-0.927331,0.006838 0.022360 wh:188,284,188,134 p:483,389 
18070 c:3.1414,0,1 w:-0.1062,0.0056,-0.0128 q:0.367011,-0.929944,0.005803 0.021550 wh:188,299,184,126 p:498,389 
18190 c:3.1414,0,1 w:-0.1062,0.0056,-0.0128 q:0.367011,-0.929944,0.005803 0.021550 wh:188,299,184,126 p:498,389 
18310 c:3.1414,0,1 w:-0.1003,-0.0126,0.0196 q:0.357910,-0.933459,0.006231 0.022548 wh:188,304,184,123 p:490,388 
18430 c:3.1414,0,1 w:-0.0907,-0.0078,0.0249 q:0.349531,-0.936562,0.007970 0.024638 wh:187,314,188,118 p:490,389 
18553 c:3.1414,0,1 w:-0.0836,0.0068,0.0026 q:0.344425,-0.938446,0.008411 0.024728 wh:189,332,187,111 p:500,388 
18672 c:3.1414,0,1 w:-0.0836,0.0068,0.0026 q:0.344425,-0.938446,0.008411 0.024728 wh:189,332,187,111 p:500,388 
18791 c:3.1414,0,1 w:-0.0772,0.0146,-0.0238 q:0.337561,-0.940998,0.007455 0.022620 wh:186,335,187,110 p:495,388 
18911 c:3.1414,0,1 w:-0.0641,-0.0091,0.0037 q:0.331403,-0.943196,0.006375 0.022454 wh:188,347,187,106 p:493,389 
19031 c:3.1414,0,1 w:-0.0641,-0.0091,0.0037 q:0.331403,-0.943196,0.006375 0.022454 wh:188,347,187,106 p:493,389 
19154 c:3.1414,0,1 w:-0.0592,-0.0149,0.0280 q:0.327787,-0.944421,0.007359 0.023717 wh:188,358,187,99 p:500,389 
19273 c:3.1414,0,1 w:-0.0532,-0.0037,0.0133 q:0.322740,-0.946101,0.008836 0.025395 wh:187,366,189,96 p:489,389 
19392 c:3.1414,0,1 w:-0.0532,-0.0037,0.0133 q:0.322740,-0.946101,0.008836 0.025395 wh:187,366,189,96 p:489,389 
19511 c:3.1414,0,1 w:-0.0462,0.0157,-0.0178 q:0.318267,-0.947648,0.008352 0.024308 wh:191,372,186,94 p:503,389 
19634 c:3.1414,0,1 w:-0.0433,0.0181,-0.0192 q:0.315714,-0.948546,0.007529 0.022786 wh:189,384,191,90 p:490,390 
19752 c:3.1414,0,1 w:-0.0348,-0.0152,0.0092 q:0.312253,-0.949685,0.006987 0.023205 wh:187,381,185,86 p:501,390 
19872 c:3.1414,0,1 w:-0.0348,-0.0152,0.0092 q:0.312253,-0.949685,0.006987 0.023205 wh:187,381,185,86 p:501,390 
19991 c:3.1414,0,1 w:-0.0312,-0.0121,0.0264 q:0.309402,-0.950553,0.008867 0.025143 wh:181,387,182,80 p:496,390 
20110 c:3.1414,0,1 w:-0.0259,-0.0013,0.0051 q:0.307701,-0.951084,0.009281 0.025768 wh:180,393,182,77 p:500,390 
20233 c:3.1414,0,1 w:-0.0259,-0.0013,0.0051 q:0.307701,-0.951084,0.009281 0.025768 wh:180,393,182,77 p:500,390 
20352 c:3.1414,0,1 w:-0.0235,0.0140,-0.0258 q:0.305545,-0.951838,0.008152 0.023895 wh:181,394,182,74 p:496,390 
20470 c:3.1414,0,1 w:-0.0189,0.0012,-0.0049 q:0.303758,-0.952449,0.007171 0.022625 wh:182,402,187,70 p:488,390 
20590 c:3.1414,0,1 w:-0.0131,-0.0158,0.0150 q:0.302909,-0.952694,0.007446 0.023603 wh:180,404,185,67 p:510,390 
20712 c:3.1414,0,1 w:-0.0131,-0.0158,0.0150 q:0.302909,-0.952694,0.007446 0.023603 wh:180,404,185,67 p:510,390 
20832 c:3.1414,0,1 w:-0.0112,-0.0097,0.0197 q:0.301718,-0.953007,0.009274 0.025489 wh:180,408,184,65 p:498,390 
20951 c:3.1414,0,1 w:-0.0077,0.0134,-0.0143 q:0.300834,-0.953301,0.008917 0.025060 wh:182,410,187,60 p:497,390 
21069 c:3.1414,0,1 w:-0.0077,0.0134,-0.0143 q:0.300834,-0.953301,0.008917 0.025060 wh:182,410,187,60 p:497,390 
21188 c:3.1414,0,1 w:-0.0082,0.0170,-0.0240 q:0.300384,-0.953491,0.007958 0.023483 wh:183,409,185,59 p:503,390 
21311 c:3.1414,0,1 w:-0.0028,0.0013,0.0041 q:0.300049,-0.953620,0.007476 0.022681 wh:187,418,188,58 p:504,391 
21429 c:3.1414,0,1 w:0.0002,-0.0214,0.0225 q:0.299896,-0.953604,0.008774 0.024831 wh:187,417,188,55 p:495,390 
21547 c:3.1414,0,1 w:0.0002,-0.0214,0.0225 q:0.299896,-0.953604,0.008774 0.024831 wh:187,417,188,55 p:495,390 
21665 c:3.1414,0,1 w:0.0020,-0.0051,0.0141 q:0.299958,-0.953552,0.009665 0.025721 wh:185,414,189,53 p:504,390 
21786 c:3.1414,0,1 w:0.0030,0.0143,-0.0200 q:0.300162,-0.953523,0.008998 0.024656 wh:188,416,189,51 p:516,391 
21905 c:3.1414,0,1 w:0.0030,0.0143,-0.0200 q:0.300162,-0.953523,0.008998 0.024656 wh:188,416,189,51 p:516,391 
22023 c:3.1414,0,1 w:0.0045,0.0050,-0.0151 q:0.300491,-0.953473,0.007510 0.022996 wh:186,420,189,53 p:497,391 
22140 c:3.1414,0,1 w:0.0075,-0.0153,0.0203 q:0.301156,-0.953233,0.008282 0.023970 wh:186,418,185,50 p:506,391 
22258 c:3.1414,0,1 w:0.0075,-0.0153,0.0203 q:0.301156,-0.953233,0.008282 0.023970 wh:186,418,185,50 p:506,391 
22380 c:3.1414,0,1 w:0.0104,-0.0120,0.0298 q:0.301696,-0.953014,0.009741 0.025317 wh:185,420,185,50 p:498,391 
22498 c:3.1414,0,1 w:0.0025,0.0009,-0.0107 q:0.302070,-0.952883,0.010124 0.025602 wh:188,422,186,51 p:503,391 
22616 c:3.1414,0,1 w:-0.0010,0.0108,-0.0298 q:0.302167,-0.952915,0.008571 0.023792 wh:188,421,188,55 p:513,392 
22735 c:3.1414,0,1 w:-0.0010,0.0108,-0.0298 q:0.302167,-0.952915,0.008571 0.023792 wh:188,421,188,55 p:513,392 
22857 c:3.1414,0,1 w:0.0027,0.0070,-0.0096 q:0.302329,-0.952891,0.007682 0.022997 wh:185,419,186,54 p:498,392 
22975 c:3.1414,0,1 w:0.0027,-0.0092,0.0264 q:0.302559,-0.952785,0.009059 0.023848 wh:185,417,188,55 p:505,392 
23094 c:3.1414,0,1 w:0.0027,-0.0092,0.0264 q:0.302559,-0.952785,0.009059 0.023848 wh:185,417,188,55 p:505,392 
23212 c:3.1414,0,1 w:0.0007,-0.0077,0.0107 q:0.302626,-0.952710,0.010798 0.025219 wh:184,417,187,57 p:490,392 
23329 c:3.1414,0,1 w:0.0010,0.0038,-0.0143 q:0.302725,-0.952689,0.010303 0.025040 wh:181,414,187,54 p:505,391 
23451 c:3.1414,0,1 w:0.0020,0.0106,-0.0262 q:0.302818,-0.952719,0.008220 0.023471 wh:180,414,190,52 p:512,391 
23569 c:3.1414,0,1 w:0.0020,0.0106,-0.0262 q:0.302818,-0.952719,0.008220 0.023471 wh:180,414,190,52 p:512,391 
23687 c:3.1414,0,1 w:0.0037,-0.0016,0.0104 q:0.303207,-0.952609,0.008145 0.022941 wh:178,414,186,52 p:506,391 
23804 c:3.1414,0,1 w:0.0046,-0.0155,0.0451 q:0.303530,-0.952436,0.010432 0.024858 wh:183,416,187,52 p:508,391 
23922 c:3.1414,0,1 w:0.0046,-0.0155,0.0451 q:0.303530,-0.952436,0.010432 0.024858 wh:183,416,187,52 p:508,391 
24044 c:3.1414,0,1 w:0.0027,-0.0111,0.0144 q:0.303712,-0.952334,0.011650 0.025987 wh:180,414,187,52 p:506,391 
24162 c:3.1414,0,1 w:0.0028,0.0122,-0.0392 q:0.304072,-0.952267,0.009743 0.024991 wh:181,413,188,53 p:509,391 
24280 c:3.1414,0,1 w:0.0028,0.0122,-0.0392 q:0.304072,-0.952267,0.009743 0.024991 wh:181,413,188,53 p:509,391 
24398 c:3.1414,0,1 w:0.0034,0.0042,-0.0094 q:0.304404,-0.952212,0.007927 0.023631 wh:184,416,189,53 p:492,391 
24520 c:3.1414,0,1 w:0.0051,-0.0010,0.0266 q:0.304689,-0.952101,0.009043 0.024041 wh:184,413,184,51 p:511,391 
24638 c:3.1414,0,1 w:0.0043,-0.0043,0.0295 q:0.305041,-0.951922,0.011668 0.025497 wh:182,412,185,54 p:509,391 
24756 c:3.1414,0,1 w:0.0043,-0.0043,0.0295 q:0.305041,-0.951922,0.011668 0.025497 wh:182,412,185,54 p:509,391 
24873 c:3.1414,0,1 w:0.0024,-0.0001,-0.0186 q:0.305255,-0.951847,0.011677 0.025711 wh:187,416,185,55 p:498,392 
24992 c:3.1414,0,1 w:0.0005,0.0106,-0.0331 q:0.305359,-0.951861,0.009947 0.024667 wh:184,412,188,55 p:503,392 
25114 c:3.1414,0,1 w:0.0005,0.0106,-0.0331 q:0.305359,-0.951861,0.009947 0.024667 wh:184,412,188,55 p:503,392 
25232 c:3.1414,0,1 w:0.0039,0.0059,-0.0009 q:0.305680,-0.951801,0.008362 0.023580 wh:183,411,187,55 p:518,392 
25350 c:3.1414,0,1 w:0.0036,-0.0042,0.0382 q:0.305871,-0.951688,0.010867 0.024609 wh:181,412,184,53 p:505,392 
25489 c:3.1414,0,1 w:0.0039,-0.0062,0.0054 q:0.306116,-0.951560,0.012505 0.025730 wh:180,412,187,52 p:507,392 
25611 c:3.1414,0,1 w:0.0039,-0.0062,0.0054 q:0.306116,-0.951560,0.012505 0.025730 wh:180,412,187,52 p:507,392 
25729 c:3.1414,0,1 w:0.0019,0.0079,-0.0209 q:0.306315,-0.951520,0.011668 0.025209 wh:176,405,182,53 p:499,392 
25846 c:3.1414,0,1 w:0.0017,0.0099,-0.0244 q:0.306517,-0.951524,0.009266 0.023543 wh:180,408,184,52 p:504,392 
25964 c:3.1414,0,1 w:0.0017,0.0099,-0.0244 q:0.306517,-0.951524,0.009266 0.023543 wh:180,408,184,52 p:504,392 
26083 c:3.1414,0,1 w:0.0060,-0.0037,0.0226 q:0.306774,-0.951432,0.009659 0.023777 wh:178,409,186,53 p:498,392 
26205 c:3.1414,0,1 w:0.0054,-0.0080,0.0345 q:0.307035,-0.951301,0.011622 0.024747 wh:175,404,186,52 p:508,391 
26322 c:3.1414,0,1 w:0.0017,0.0019,0.0006 q:0.307317,-0.951178,0.012998 0.025284 wh:180,411,184,52 p:513,391 
26439 c:3.1414,0,1 w:0.0017,0.0019,0.0006 q:0.307317,-0.951178,0.012998 0.025284 wh:180,411,184,52 p:513,391 
26556 c:3.1414,0,1 w:-0.0004,0.0070,-0.0327 q:0.307383,-0.951214,0.010641 0.024201 wh:182,406,184,53 p:500,391 
26679 c:3.1414,0,1 w:0.0013,0.0012,-0.0207 q:0.307462,-0.951221,0.009105 0.023551 wh:180,406,184,52 p:503,391 
26797 c:3.1414,0,1 w:0.0013,0.0012,-0.0207 q:0.307462,-0.951221,0.009105 0.023551 wh:180,406,184,52 p:503,391 
26914 c:3.1414,0,1 w:0.0019,-0.0011,0.0293 q:0.307689,-0.951128,0.010352 0.023804 wh:186,411,186,54 p:505,392 
27033 c:3.1414,0,1 w:0.0014,-0.0040,0.0245 q:0.307884,-0.951004,0.013050 0.024878 wh:180,405,181,52 p:506,391 
27151 c:3.1414,0,1 w:-0.0035,0.0048,-0.0200 q:0.308010,-0.950981,0.012641 0.024430 wh:183,399,180,53 p:444,380 
27282 c:3.1414,0,1 w:-0.0035,0.0048,-0.0200 q:0.308010,-0.950981,0.012641 0.024430 wh:183,399,180,53 p:444,380 
27401 c:3.1414,0,1 w:-0.0320,-0.0013,-0.0285 q:0.306558,-0.951487,0.010723 0.023907 wh:181,392,182,92 p:439,376 
27521 c:3.1414,0,1 w:-0.0665,-0.0010,0.0100 q:0.301456,-0.953119,0.010774 0.023736 wh:181,388,184,128 p:481,387 
27640 c:3.1414,0,1 w:-0.0665,-0.0010,0.0100 q:0.301456,-0.953119,0.010774 0.023736 wh:181,388,184,128 p:481,387 
27764 c:3.1414,0,1 w:-0.0859,0.0001,0.0240 q:0.294107,-0.955373,0.012886 0.024269 wh:182,379,181,151 p:490,389 
27883 c:3.1414,0,1 w:-0.0934,-0.0004,0.0028 q:0.288646,-0.957025,0.013195 0.024574 wh:186,360,186,171 p:499,389 
28003 c:3.1414,0,1 w:-0.1006,0.0039,-0.0172 q:0.279738,-0.959690,0.011879 0.024330 wh:190,352,192,174 p:501,391 
28123 c:3.1414,0,1 w:-0.1006,0.0039,-0.0172 q:0.279738,-0.959690,0.011879 0.024330 wh:190,352,192,174 p:501,391 
28243 c:3.1414,0,1 w:-0.1085,-0.0034,-0.0039 q:0.270111,-0.962466,0.010782 0.023981 wh:196,344,191,173 p:509,391 
28367 c:3.1414,0,1 w:-0.1094,-0.0011,0.0171 q:0.263423,-0.964304,0.011454 0.024207 wh:195,325,194,169 p:512,392 
28487 c:3.1414,0,1 w:-0.1094,-0.0011,0.0171 q:0.263423,-0.964304,0.011454 0.024207 wh:195,325,194,169 p:512,392 
28607 c:3.1414,0,1 w:-0.1123,-0.0042,0.0153 q:0.253251,-0.966983,0.013000 0.025089 wh:195,318,193,168 p:501,392 
28728 c:3.1414,0,1 w:-0.1139,-0.0008,-0.0067 q:0.243038,-0.969596,0.012884 0.025328 wh:195,301,197,157 p:504,392 
28853 c:3.1414,0,1 w:-0.1140,0.0002,-0.0119 q:0.236007,-0.971346,0.012018 0.025199 wh:195,294,197,155 p:511,393 
28973 c:3.1414,0,1 w:-0.1140,0.0002,-0.0119 q:0.236007,-0.971346,0.012018 0.025199 wh:195,294,197,155 p:511,393 
29092 c:3.1414,0,1 w:-0.1195,0.0028,0.0086 q:0.225278,-0.973897,0.011876 0.025010 wh:195,286,195,146 p:509,393 
29211 c:3.1414,0,1 w:-0.1220,-0.0039,0.0213 q:0.214224,-0.976346,0.013213 0.025955 wh:192,270,194,139 p:512,393 
29331 c:3.1414,0,1 w:-0.1220,-0.0039,0.0213 q:0.214224,-0.976346,0.013213 0.025955 wh:192,270,194,139 p:512,393 
29455 c:3.1414,0,1 w:-0.5413,0.0459,0.2031 q:0.181812,-0.982642,0.024442 0.027454 wh:194,272,195,136 p:488,391 
29574 c:3.1414,0,1 w:-0.8942,0.0468,0.1732 q:0.132621,-0.990189,0.034899 0.026658 wh:191,268,192,131 p:459,384 
29692 c:3.1414,0,1 w:-0.8942,0.0468,0.1732 q:0.019315,-0.990189,0.034899 0.026658 wh:191,268,192,131 p:489,388 
29811 c:3.1414,0,1 w:-1.3762,0.0421,-0.1038 q:0.019315,-0.998853,0.032785 0.028910 wh:189,292,191,122 p:489,388 
29935 c:3.1414,0,1 w:-1.5525,0.0706,-0.2671 q:-0.124331,-0.991828,0.006432 0.027750 wh:190,309,192,120 p:500,390 
30056 c:3.1414,0,1 w:-1.5387,0.0352,-0.1011 q:-0.218936,-0.975364,-0.006074 0.026198 wh:186,311,190,117 p:485,389 
30178 c:3.1414,0,1 w:-1.5387,0.0352,-0.1011 q:-0.218936,-0.975364,-0.006074 0.026198 wh:186,311,190,117 p:485,389 
30301 c:3.1414,0,1 w:-1.5167,-0.1259,0.2887 q:-0.356138,-0.934003,0.008149 0.027020 wh:184,327,186,111 p:492,388 
30422 c:3.1414,0,1 w:-1.5792,-0.0567,0.1581 q:-0.486517,-0.872658,0.029203 0.030148 wh:185,335,186,105 p:477,388 
30545 c:3.1414,0,1 w:-1.5792,-0.0567,0.1581 q:-0.486517,-0.872658,0.029203 0.030148 wh:185,335,186,105 p:477,388 
30667 c:3.1414,0,1 w:-1.6325,0.1902,-0.1089 q:-0.614048,-0.788631,0.017210 0.026485 wh:184,353,183,98 p:484,388 
30787 c:3.1414,0,1 w:-1.2844,0.0341,-0.0794 q:-0.682925,-0.730043,0.002264 0.025246 wh:187,359,183,96 p:475,388 
30907 c:3.1414,0,1 w:-0.9982,-0.1380,-0.0278 q:-0.756129,-0.653617,-0.000532 0.032330 wh:189,368,184,95 p:483,387 
31033 c:3.1414,0,1 w:-0.9982,-0.1380,-0.0278 q:-0.756129,-0.653617,-0.000532 0.032330 wh:189,368,184,95 p:483,387 
31155 c:3.1414,0,1 w:-0.6879,-0.1651,0.1526 q:-0.801689,-0.596409,0.016526 0.036184 wh:190,382,180,86 p:467,386 
31275 c:3.1414,0,1 w:-0.2858,0.0615,0.0813 q:-0.825217,-0.563620,0.022449 0.028935 wh:188,388,182,83 p:489,387 
31393 c:3.1414,0,1 w:-0.2858,0.0615,0.0813 q:-0.825217,-0.563620,0.022449 0.028935 wh:188,388,182,83 p:489,387 
31512 c:3.1414,0,1 w:0.0095,0.1662,-0.0397 q:-0.828817,-0.558990,0.009521 0.022211 wh:188,394,185,83 p:487,387 
31636 c:3.1414,0,1 w:0.0217,0.0797,0.0051 q:-0.827984,-0.560415,0.003754 0.018815 wh:189,410,184,76 p:501,389 
31754 c:3.1414,0,1 w:0.0037,-0.1436,0.0796 q:-0.827669,-0.560788,0.012405 0.017863 wh:188,416,184,73 p:509,389 
31873 c:3.1414,0,1 w:0.0037,-0.1436,0.0796 q:-0.827669,-0.560788,0.012405 0.017863 wh:188,416,184,73 p:509,389 
