
Comms Startup 
559
568 c:3.1414,0,0 w:0.0000,0.0000,0.0000 q:0.000000,0.000000,0.000000 0.000000 wh:99,93,94,94 p:395,369 
675 c:3.1414,0,0 w:0.0000,0.0000,0.0000 q:0.000000,0.000000,0.000000 0.000000 wh:99,93,94,94 p:395,369 
785 c:3.1414,0,0 w:0.0000,0.0000,0.0000 q:0.000000,0.000000,0.000000 0.000000 wh:123,119,118,118 p:454,380 
899 c:3.1414,0,0 w:0.0000,0.0000,0.0000 q:0.000000,0.000000,0.000000 0.000000 wh:137,133,134,135 p:446,380 
1011 c:3.1414,0,0 w:0.0000,0.0000,0.0000 q:0.000000,0.000000,0.000000 0.000000 wh:137,133,134,135 p:446,380 
1130 c:3.1414,0,0 w:0.0000,0.0000,0.0000 q:0.000000,0.000000,0.000000 0.000000 wh:160,156,159,157 p:461,382 
1243 c:3.1414,0,0 w:0.0000,0.0000,0.0000 q:0.000000,0.000000,0.000000 0.000000 wh:169,166,170,169 p:474,385 
1357 c:3.1414,0,0 w:0.0000,0.0000,0.0000 q:0.000000,0.000000,0.000000 0.000000 wh:169,166,170,169 p:474,385 
1471 c:3.1414,0,0 w:0.0000,0.0000,0.0000 q:0.000000,0.000000,0.000000 0.000000 wh:184,180,182,181 p:484,386 
1586 c:3.1414,0,0 w:0.0000,0.0000,0.0000 q:0.000000,0.000000,0.000000 0.000000 wh:187,183,187,187 p:484,388 
1703 c:3.1414,0,0 w:0.0000,0.0000,0.0000 q:0.000000,0.000000,0.000000 0.000000 wh:187,183,187,187 p:484,388 
1817 c:3.1414,0,0 w:0.0000,0.0000,0.0000 q:0.000000,0.000000,0.000000 0.000000 wh:191,186,187,190 p:486,388 
1932 c:3.1414,0,0 w:0.0000,0.0000,0.0000 q:0.000000,0.000000,0.000000 0.000000 wh:193,191,192,193 p:487,389 
2045 c:3.1414,0,0 w:0.0000,0.0000,0.0000 q:0.000000,0.000000,0.000000 0.000000 wh:196,194,192,195 p:498,390 
2163 c:3.1414,0,0 w:0.0000,0.0000,0.0000 q:0.000000,0.000000,0.000000 0.000000 wh:196,194,192,195 p:498,390 
2277 c:3.1414,0,0 w:0.0109,0.0098,0.0087 q:0.999912,0.008449,0.008745 0.004447 wh:197,193,197,198 p:491,390 
2392 c:3.1414,0,0 w:0.0062,0.0058,0.0033 q:0.999901,0.009008,0.009183 0.004857 wh:200,196,197,199 p:501,391 
2505 c:3.1414,0,0 w:0.0062,0.0058,0.0033 q:0.999901,0.009008,0.009183 0.004857 wh:200,196,197,199 p:501,391 
2620 c:3.1414,0,0 w:-0.0006,0.0037,-0.0049 q:0.999896,0.009262,0.009376 0.005055 wh:201,196,200,198 p:499,391 
2740 c:3.1414,0,0 w:0.0032,-0.0036,0.0027 q:0.999897,0.009276,0.009182 0.005168 wh:201,195,199,198 p:500,391 
2854 c:3.1414,0,0 w:0.0032,-0.0036,0.0027 q:0.999897,0.009276,0.009182 0.005168 wh:201,195,199,198 p:500,391 
2970 c:3.1414,0,0 w:0.0003,-0.0049,0.0019 q:0.999893,0.009309,0.009399 0.005432 wh:196,195,195,196 p:494,391 
3085 c:3.1414,0,0 w:0.0028,0.0061,-0.0002 q:0.999890,0.009471,0.009640 0.005307 wh:200,194,201,198 p:500,392 
3201 c:3.1414,0,0 w:0.0028,0.0061,-0.0002 q:0.999890,0.009471,0.009640 0.005307 wh:200,194,201,198 p:500,392 
3319 c:3.1414,0,0 w:0.0077,-0.0119,-0.0054 q:0.999889,0.010103,0.009334 0.004921 wh:203,197,198,201 p:507,392 
3436 c:3.1414,0,0 w:0.0113,0.0011,0.0085 q:0.999873,0.010725,0.009911 0.005734 wh:199,193,195,198 p:505,392 
3550 c:3.1414,0,0 w:-0.0016,-0.0012,-0.0026 q:0.999870,0.011047,0.009863 0.005734 wh:198,193,198,198 p:491,391 
3667 c:3.1414,0,0 w:-0.0016,-0.0012,-0.0026 q:0.999870,0.011047,0.009863 0.005734 wh:198,193,198,198 p:491,391 
3788 c:3.1414,0,0 w:-0.0102,0.0069,-0.0058 q:0.999882,0.010195,0.009758 0.005365 wh:199,194,196,200 p:504,391 
3904 c:3.1414,0,0 w:0.0089,0.0075,0.0024 q:0.999869,0.010654,0.010419 0.005515 wh:199,195,199,200 p:507,391 
4018 c:3.1414,0,0 w:0.0089,0.0075,0.0024 q:0.999869,0.010654,0.010419 0.005515 wh:199,195,199,200 p:507,391 
4132 c:3.1414,0,0 w:0.0135,0.0162,-0.0022 q:0.999842,0.011436,0.011933 0.005893 wh:198,198,201,203 p:492,392 
4248 c:3.1414,0,0 w:0.0084,0.0040,-0.0005 q:0.999813,0.011941,0.013574 0.006213 wh:203,201,202,205 p:511,392 
4367 c:3.1414,0,0 w:0.0084,0.0040,-0.0005 q:0.999813,0.011941,0.013574 0.006213 wh:203,201,202,205 p:511,392 
4482 c:3.1414,0,0 w:0.0023,0.0016,0.0105 q:0.999799,0.012278,0.014070 0.006713 wh:202,199,199,198 p:505,392 
4596 c:3.1414,0,0 w:-0.0279,0.0347,0.0349 q:0.999771,0.010895,0.016090 0.008512 wh:201,198,200,199 p:486,392 
4711 c:3.1414,0,0 w:-0.0279,0.0347,0.0349 q:0.999771,0.010895,0.016090 0.008512 wh:201,198,200,199 p:486,392 
4831 c:3.1414,0,0 w:-0.0128,0.0286,0.0088 q:0.999718,0.008852,0.019230 0.010391 wh:200,196,200,201 p:496,392 
4945 c:3.1414,0,0 w:0.0291,-0.0099,-0.0150 q:0.999701,0.009265,0.019794 0.010581 wh:201,197,199,197 p:498,392 
5061 c:3.1414,0,0 w:0.0355,-0.0213,-0.0182 q:0.999713,0.012203,0.018310 0.008990 wh:201,197,197,200 p:504,392 
5178 c:3.1414,0,0 w:0.0355,-0.0213,-0.0182 q:0.999713,0.012203,0.018310 0.008990 wh:201,197,197,200 p:504,392 
5294 c:3.1414,0,0 w:0.0069,0.0112,0.0137 q:0.999699,0.013583,0.018104 0.008985 wh:198,195,200,200 p:508,392 
5412 c:3.1414,0,0 w:-0.0026,-0.0010,-0.0020 q:0.999686,0.013819,0.018586 0.009115 wh:198,195,199,201 p:500,392 
5528 c:3.1414,0,0 w:-0.0026,-0.0010,-0.0020 q:0.999686,0.013819,0.018586 0.009115 wh:198,195,199,201 p:500,392 
5646 c:3.1414,0,0 w:-0.0036,0.0011,0.0024 q:0.999689,0.013532,0.018589 0.009179 wh:201,198,199,197 p:497,392 
5762 c:3.1414,0,0 w:0.0005,0.0086,0.0076 q:0.999677,0.013759,0.018880 0.009521 wh:202,195,199,198 p:503,392 
5876 c:3.1414,0,0 w:0.0005,0.0086,0.0076 q:0.999677,0.013759,0.018880 0.009521 wh:202,195,199,198 p:503,392 
5994 c:3.1414,0,0 w:-0.0027,0.0171,0.0022 q:0.999659,0.013678,0.019609 0.010100 wh:201,193,197,199 p:489,392 
6109 c:3.1414,0,0 w:-0.0039,0.0164,0.0068 q:0.999633,0.013434,0.020798 0.010634 wh:202,198,197,197 p:487,392 
6223 c:3.1414,0,0 w:-0.0039,0.0164,0.0068 q:0.999633,0.013434,0.020798 0.010634 wh:202,198,197,197 p:487,392 
6339 c:3.1414,0,0 w:0.0075,-0.0013,-0.0003 q:0.999622,0.013781,0.020939 0.010860 wh:203,199,197,198 p:497,392 
6460 c:3.1414,0,0 w:0.0074,-0.0015,-0.0014 q:0.999619,0.014203,0.020843 0.010826 wh:202,198,198,200 p:496,392 
6575 c:3.1414,0,0 w:0.0052,-0.0013,-0.0060 q:0.999613,0.014485,0.021041 0.010607 wh:202,199,198,201 p:506,392 
6691 c:3.1414,0,0 w:0.0052,-0.0013,-0.0060 q:0.999613,0.014485,0.021041 0.010607 wh:202,199,198,201 p:506,392 
6808 c:3.1414,0,0 w:-0.0001,0.0100,0.0073 q:0.999597,0.014517,0.021616 0.010882 wh:200,196,197,201 p:504,392 
6924 c:3.1414,0,0 w:0.0040,0.0031,0.0041 q:0.999583,0.014646,0.021918 0.011374 wh:203,198,200,202 p:507,392 
7042 c:3.1414,0,0 w:0.0040,0.0031,0.0041 q:0.999583,0.014646,0.021918 0.011374 wh:203,198,200,202 p:507,392 
7155 c:3.1414,0,0 w:0.0091,-0.0058,-0.0020 q:0.999573,0.015171,0.021885 0.011693 wh:202,198,199,200 p:496,392 
7271 c:3.1414,0,0 w:0.0072,-0.0052,-0.0028 q:0.999567,0.015525,0.022004 0.011523 wh:201,196,198,201 p:498,392 
7388 c:3.1414,0,0 w:0.0072,-0.0052,-0.0028 q:0.999567,0.015525,0.022004 0.011523 wh:201,196,198,201 p:498,392 
7507 c:3.1414,0,0 w:-0.0010,0.0092,-0.0029 q:0.999558,0.015565,0.022434 0.011367 wh:201,196,200,198 p:497,392 
7624 c:3.1414,0,0 w:0.0037,0.0052,-0.0026 q:0.999541,0.015643,0.022822 0.011963 wh:201,195,198,198 p:501,392 
7739 c:3.1414,0,0 w:0.0019,0.0048,0.0128 q:0.999531,0.015835,0.022975 0.012242 wh:198,198,198,199 p:500,392 
7854 c:3.1414,0,0 w:0.0019,0.0048,0.0128 q:0.999531,0.015835,0.022975 0.012242 wh:198,198,198,199 p:500,392 
7967 c:3.1414,0,0 w:-0.0093,-0.0139,-0.0106 q:0.999559,0.014930,0.022463 0.012040 wh:201,196,200,198 p:501,392 
8089 c:3.1414,0,0 w:-0.0722,-0.0527,-0.0121 q:0.999691,0.010697,0.019209 0.011174 wh:199,194,200,199 p:504,392 
8205 c:3.1414,0,0 w:-0.0722,-0.0527,-0.0121 q:0.999691,0.010697,0.019209 0.011174 wh:199,194,200,199 p:504,392 
8323 c:3.1414,0,0 w:-0.1226,-0.1139,-0.0062 q:0.999879,0.000578,0.010762 0.010782 wh:198,198,196,200 p:503,392 
8440 c:3.1414,0,0 w:-0.1191,-0.1420,0.0055 q:0.999878,-0.010573,-0.001943 0.010968 wh:200,195,198,198 p:514,392 
8559 c:3.1414,0,0 w:-0.1191,-0.1420,0.0055 q:0.999878,-0.010573,-0.001943 0.010968 wh:200,195,198,198 p:514,392 
8681 c:3.1414,0,0 w:-0.1159,-0.1449,-0.0068 q:0.999723,-0.017551,-0.010923 0.010906 wh:202,197,200,201 p:502,392 
8800 c:3.1414,0,0 w:-0.1414,-0.1189,-0.0210 q:0.999239,-0.029726,-0.023325 0.009182 wh:200,196,198,198 p:499,392 
8920 c:3.1414,0,0 w:-0.1414,-0.1189,-0.0210 q:0.999239,-0.029726,-0.023325 0.009182 wh:200,196,198,198 p:499,392 
9038 c:3.1414,0,0 w:-0.1501,-0.1072,-0.0100 q:0.998445,-0.043710,-0.033577 0.007758 wh:202,193,198,200 p:499,392 
9162 c:3.1414,0,0 w:-0.1249,-0.1395,0.0016 q:0.997359,-0.056114,-0.045352 0.007806 wh:201,197,200,197 p:503,392 
9279 c:3.1414,0,0 w:-0.1154,-0.1455,-0.0046 q:0.995996,-0.066688,-0.058933 0.007976 wh:200,197,198,198 p:491,392 
9399 c:3.1414,0,0 w:-0.1154,-0.1455,-0.0046 q:0.995996,-0.066688,-0.058933 0.007976 wh:200,197,198,198 p:491,392 
9519 c:3.1414,0,0 w:-0.1255,-0.1342,-0.0197 q:0.994924,-0.074131,-0.067629 0.007016 wh:200,197,199,200 p:500,392 
9641 c:3.1414,0,0 w:-0.1472,-0.1136,-0.0171 q:0.993046,-0.087183,-0.078894 0.005113 wh:199,196,200,196 p:496,392 
9760 c:3.1414,0,0 w:-0.1472,-0.1136,-0.0171 q:0.993046,-0.087183,-0.078894 0.005113 wh:199,196,200,196 p:496,392 
9880 c:3.1414,0,0 w:-0.1354,-0.1278,0.0033 q:0.990792,-0.100581,-0.090472 0.004669 wh:203,198,202,199 p:500,392 
9999 c:3.1414,0,0 w:-0.1191,-0.1363,-0.0034 q:0.989156,-0.108289,-0.099054 0.004860 wh:201,196,202,200 p:491,392 
10119 c:3.1414,0,0 w:-0.1191,-0.1363,-0.0034 q:0.989156,-0.108289,-0.099054 0.004860 wh:201,196,202,200 p:492,392 
10243 c:3.1414,0,0 w:-0.1198,-0.1391,-0.0152 q:0.986430,-0.119176,-0.112803 0.004555 wh:202,196,199,199 p:492,392 
10362 c:3.1414,0,0 w:-0.1481,-0.1095,-0.0182 q:0.983318,-0.132463,-0.124590 0.002818 wh:198,193,196,196 p:500,392 
10483 c:3.1414,0,0 w:-0.1539,-0.1038,-0.0054 q:0.981068,-0.142192,-0.131432 0.002005 wh:198,193,198,199 p:502,392 
10603 c:3.1414,0,0 w:-0.1539,-0.1038,-0.0054 q:0.981068,-0.142192,-0.131432 0.002005 wh:198,193,198,199 p:502,392 
10728 c:3.1414,0,0 w:-0.1217,-0.1408,-0.0000 q:0.977436,-0.155198,-0.143250 0.001761 wh:198,194,196,197 p:489,392 
10848 c:3.1414,0,0 w:-0.1137,-0.1452,-0.0057 q:0.973465,-0.166066,-0.157405 0.002027 wh:197,195,195,197 p:494,392 
10968 c:3.1414,0,0 w:-0.1137,-0.1452,-0.0057 q:0.973465,-0.166066,-0.157405 0.002027 wh:197,195,195,197 p:494,392 
11088 c:3.1414,0,0 w:-0.1336,-0.1299,-0.0129 q:0.970614,-0.174041,-0.166155 0.001375 wh:201,195,198,200 p:503,392 
11209 c:3.1414,0,0 w:-0.1490,-0.1111,-0.0141 q:0.966053,-0.187640,-0.177545 -0.001353 wh:198,197,198,201 p:510,392 
11334 c:3.1414,0,0 w:-0.1431,-0.1173,-0.0025 q:0.962850,-0.196797,-0.184875 -0.001981 wh:200,195,198,196 p:512,392 
11455 c:3.1414,0,0 w:-0.1431,-0.1173,-0.0025 q:0.962850,-0.196797,-0.184875 -0.001981 wh:200,195,198,196 p:512,392 
11577 c:3.1414,0,0 w:-0.1169,-0.1409,-0.0069 q:0.957876,-0.208389,-0.197571 -0.002151 wh:201,199,199,199 p:510,392 
11699 c:3.1414,0,0 w:-0.1215,-0.1408,-0.0211 q:0.952552,-0.219137,-0.211199 -0.003166 wh:200,199,198,199 p:512,392 
11824 c:3.1414,0,0 w:-0.1215,-0.1408,-0.0211 q:0.952552,-0.219137,-0.211199 -0.003166 wh:200,199,198,199 p:512,392 
11944 c:3.1414,0,0 w:-0.1461,-0.1180,-0.0110 q:0.948752,-0.227706,-0.219074 -0.004125 wh:201,194,196,197 p:509,392 
12066 c:3.1414,0,0 w:-0.1501,-0.1119,0.0013 q:0.942789,-0.241886,-0.229361 -0.004983 wh:199,197,201,198 p:494,392 
12187 c:3.1414,0,0 w:-0.1226,-0.1342,-0.0120 q:0.936712,-0.253810,-0.241068 -0.005435 wh:201,194,197,201 p:506,392 
12309 c:3.1414,0,0 w:-0.1226,-0.1342,-0.0120 q:0.936712,-0.253810,-0.241068 -0.005435 wh:201,194,197,201 p:506,392 
12434 c:3.1414,0,0 w:-0.1114,-0.1516,-0.0228 q:0.932404,-0.260264,-0.250679 -0.006088 wh:199,193,198,197 p:506,392 
12555 c:3.1414,0,0 w:-0.1397,-0.1255,-0.0074 q:0.925586,-0.271762,-0.263395 -0.007092 wh:202,196,198,198 p:504,392 
12698 c:3.1414,0,0 w:-0.1530,-0.1075,0.0003 q:0.918551,-0.285525,-0.273247 -0.008156 wh:202,197,201,200 p:494,392 
12818 c:3.1414,0,0 w:-0.1530,-0.1075,0.0003 q:0.918551,-0.285525,-0.273247 -0.008156 wh:202,197,201,200 p:494,392 
12942 c:3.1414,0,0 w:-0.1316,-0.1287,-0.0071 q:0.913751,-0.293831,-0.280428 -0.008680 wh:197,197,196,195 p:510,392 
13063 c:3.1414,0,0 w:-0.1105,-0.1538,-0.0175 q:0.906164,-0.303908,-0.293972 -0.008887 wh:198,199,198,200 p:499,392 
13185 c:3.1414,0,0 w:-0.1105,-0.1538,-0.0175 q:0.906164,-0.303908,-0.293972 -0.008887 wh:198,199,198,200 p:499,392 
13305 c:3.1414,0,0 w:-0.1205,-0.1458,-0.0107 q:0.900888,-0.310666,-0.302984 -0.008922 wh:203,199,198,201 p:512,392 
13431 c:3.1414,0,0 w:-0.1475,-0.1139,-0.0043 q:0.892712,-0.323082,-0.313978 -0.009639 wh:199,195,201,200 p:511,392 
13560 c:3.1414,0,0 w:-0.1374,-0.1247,-0.0084 q:0.884352,-0.335686,-0.324209 -0.010811 wh:199,197,200,200 p:505,392 
13681 c:3.1414,0,0 w:-0.1374,-0.1247,-0.0084 q:0.884352,-0.335686,-0.324209 -0.010811 wh:199,197,200,200 p:505,392 
13803 c:3.1414,0,0 w:-0.1191,-0.1405,-0.0225 q:0.878651,-0.342551,-0.332401 -0.011504 wh:199,196,198,199 p:509,392 
13925 c:3.1414,0,0 w:-0.1171,-0.1408,-0.0207 q:0.869868,-0.351688,-0.345663 -0.012396 wh:200,197,196,197 p:501,392 
14050 c:3.1414,0,0 w:-0.1171,-0.1408,-0.0207 q:0.869868,-0.351688,-0.345663 -0.012396 wh:200,197,196,197 p:501,392 
14171 c:3.1414,0,0 w:-0.1421,-0.1203,0.0003 q:0.860720,-0.363036,-0.356631 -0.013100 wh:197,194,195,197 p:511,392 
14291 c:3.1414,0,0 w:-0.1498,-0.1148,0.0030 q:0.854559,-0.371401,-0.362759 -0.013675 wh:198,192,198,195 p:509,392 
14411 c:3.1414,0,0 w:-0.1498,-0.1148,0.0030 q:0.854559,-0.371401,-0.362759 -0.013675 wh:198,192,198,195 p:509,392 
14536 c:3.1414,0,0 w:-0.1290,-0.1334,-0.0200 q:0.845035,-0.382559,-0.373271 -0.015008 wh:201,192,195,198 p:512,392 
14657 c:3.1414,0,0 w:-0.1146,-0.1450,-0.0265 q:0.835215,-0.391475,-0.385871 -0.016069 wh:198,195,196,196 p:509,392 
14779 c:3.1414,0,0 w:-0.1241,-0.1388,-0.0136 q:0.828483,-0.397737,-0.393883 -0.016393 wh:200,197,195,195 p:503,392 
14900 c:3.1414,0,0 w:-0.1241,-0.1388,-0.0136 q:0.828483,-0.397737,-0.393883 -0.016393 wh:200,197,195,195 p:503,392 
15026 c:3.1414,0,0 w:-0.1464,-0.1189,0.0004 q:0.818070,-0.409235,-0.403718 -0.017051 wh:198,196,201,198 p:516,392 
15145 c:3.1414,0,0 w:-0.1431,-0.1212,-0.0086 q:0.810989,-0.416948,-0.410026 -0.017937 wh:200,198,197,199 p:505,392 
15266 c:3.1414,0,0 w:-0.1431,-0.1212,-0.0086 q:0.810989,-0.416948,-0.410026 -0.017937 wh:200,198,197,199 p:505,392 
15388 c:3.1414,0,0 w:-0.1177,-0.1403,-0.0304 q:0.800354,-0.426288,-0.421106 -0.019335 wh:197,196,197,196 p:506,392 
15511 c:3.1414,0,0 w:-0.1189,-0.1443,-0.0175 q:0.789274,-0.434628,-0.433290 -0.019937 wh:201,195,198,197 p:515,392 
15635 c:3.1414,0,1 w:-0.1345,-0.1296,0.0061 q:0.781698,-0.441530,-0.440001 -0.019754 wh:200,194,197,201 p:509,392 
15755 c:3.1414,0,1 w:-0.1345,-0.1296,0.0061 q:0.781698,-0.441530,-0.440001 -0.019754 wh:200,194,197,201 p:509,392 
15876 c:3.1414,0,1 w:-0.1458,-0.1133,-0.0036 q:0.770911,-0.452850,-0.447402 -0.021110 wh:201,195,195,199 p:507,392 
15997 c:3.1414,0,1 w:-0.1217,-0.1365,-0.0336 q:0.759248,-0.461828,-0.457950 -0.023048 wh:201,197,199,199 p:505,392 
16122 c:3.1414,0,1 w:-0.1217,-0.1365,-0.0336 q:0.759248,-0.461828,-0.457950 -0.023048 wh:201,197,199,199 p:505,392 
16243 c:3.1414,0,1 w:-0.1102,-0.1479,-0.0353 q:0.751379,-0.466498,-0.466081 -0.023851 wh:198,193,199,196 p:492,390 
16365 c:3.1414,0,1 w:-0.1279,-0.1174,0.0073 q:0.739563,-0.475053,-0.476229 -0.023830 wh:195,195,199,197 p:467,387 
16486 c:3.1414,0,1 w:-0.1244,-0.1009,0.0059 q:0.728835,-0.484771,-0.482920 -0.024014 wh:194,205,209,191 p:489,389 
16607 c:3.1414,0,1 w:-0.1244,-0.1009,0.0059 q:0.728835,-0.484771,-0.482920 -0.024014 wh:194,205,209,191 p:489,389 
16731 c:3.1414,0,1 w:-0.1099,-0.0977,-0.0185 q:0.722109,-0.490051,-0.487617 -0.025109 wh:182,221,225,182 p:495,389 
16851 c:3.1414,0,1 w:-0.0814,-0.1012,-0.0324 q:0.712806,-0.495353,-0.495792 -0.026736 wh:178,228,231,175 p:492,388 
16973 c:3.1414,0,1 w:-0.0814,-0.1012,-0.0324 q:0.712806,-0.495353,-0.495792 -0.026736 wh:178,228,231,175 p:492,388 
17095 c:3.1414,0,1 w:-0.0757,-0.0934,0.0036 q:0.704223,-0.500312,-0.503049 -0.026293 wh:167,242,242,165 p:489,387 
17219 c:3.1414,0,1 w:-0.0867,-0.0743,0.0291 q:0.699008,-0.504985,-0.505686 -0.025525 wh:160,249,250,159 p:497,387 
17339 c:3.1414,0,1 w:-0.0867,-0.0743,0.0291 q:0.699008,-0.504985,-0.505686 -0.025525 wh:160,249,250,159 p:497,387 
17459 c:3.1414,0,1 w:-0.0781,-0.0592,0.0015 q:0.691954,-0.511204,-0.509103 -0.025978 wh:159,255,258,154 p:491,389 
17581 c:3.1414,0,1 w:-0.0513,-0.0603,-0.0251 q:0.685872,-0.513948,-0.514457 -0.027600 wh:146,269,272,143 p:493,387 
17704 c:3.1414,0,1 w:-0.0377,-0.0669,-0.0118 q:0.682355,-0.515358,-0.517715 -0.027556 wh:144,274,277,142 p:486,388 
17825 c:3.1414,0,1 w:-0.0377,-0.0669,-0.0118 q:0.682355,-0.515358,-0.517715 -0.027556 wh:144,274,277,142 p:486,388 
17947 c:3.1414,0,1 w:-0.0493,-0.0395,0.0206 q:0.677534,-0.518858,-0.520612 -0.026246 wh:138,279,282,138 p:508,387 
18068 c:3.1414,0,1 w:-0.0490,-0.0275,0.0038 q:0.673486,-0.523006,-0.521708 -0.026340 wh:131,294,298,129 p:496,388 
18189 c:3.1414,0,1 w:-0.0490,-0.0275,0.0038 q:0.673486,-0.523006,-0.521708 -0.026340 wh:131,294,298,129 p:496,388 
18313 c:3.1414,0,1 w:-0.0340,-0.0247,-0.0182 q:0.671298,-0.524302,-0.523166 -0.027469 wh:124,295,300,122 p:509,389 
18434 c:3.1414,0,1 w:-0.0122,-0.0380,-0.0248 q:0.668536,-0.524270,-0.526671 -0.028456 wh:125,304,305,120 p:492,389 
18555 c:3.1414,0,1 w:-0.0122,-0.0380,-0.0248 q:0.668536,-0.524270,-0.526671 -0.028456 wh:125,304,305,120 p:492,389 
18677 c:3.1414,0,1 w:-0.0197,-0.0239,0.0270 q:0.666178,-0.525884,-0.528136 -0.026749 wh:117,310,312,114 p:492,389 
18801 c:3.1414,0,1 w:-0.0247,-0.0107,0.0252 q:0.665010,-0.527812,-0.527723 -0.026009 wh:110,312,314,109 p:501,389 
18921 c:3.1414,0,1 w:-0.0175,-0.0023,-0.0144 q:0.663647,-0.529404,-0.527790 -0.027076 wh:105,316,321,100 p:486,390 
19043 c:3.1414,0,1 w:-0.0175,-0.0023,-0.0144 q:0.663647,-0.529404,-0.527790 -0.027076 wh:105,316,321,100 p:486,390 
19165 c:3.1414,0,1 w:0.0034,-0.0139,-0.0262 q:0.662840,-0.528154,-0.529980 -0.028441 wh:104,324,323,100 p:500,391 
19286 c:3.1414,0,1 w:0.0055,-0.0172,0.0015 q:0.662446,-0.527758,-0.530899 -0.027814 wh:96,320,325,94 p:509,391 
19406 c:3.1414,0,1 w:0.0055,-0.0172,0.0015 q:0.662446,-0.527758,-0.530899 -0.027814 wh:96,320,325,94 p:509,391 
19523 c:3.1414,0,1 w:-0.0094,0.0019,0.0323 q:0.662101,-0.529402,-0.529785 -0.025977 wh:93,325,329,87 p:513,391 
19641 c:3.1414,0,1 w:-0.0114,0.0126,0.0102 q:0.662078,-0.530504,-0.528707 -0.026033 wh:91,327,332,86 p:497,391 
19758 c:3.1414,0,1 w:0.0060,0.0039,-0.0281 q:0.662372,-0.529670,-0.529085 -0.027820 wh:87,323,328,83 p:505,391 
19878 c:3.1414,0,1 w:0.0060,0.0039,-0.0281 q:0.662372,-0.529670,-0.529085 -0.027820 wh:87,323,328,83 p:505,391 
19995 c:3.1414,0,1 w:0.0182,-0.0053,-0.0039 q:0.662909,-0.527779,-0.530298 -0.027857 wh:81,329,329,78 p:509,391 
20114 c:3.1414,0,1 w:0.0118,-0.0001,0.0262 q:0.663352,-0.527853,-0.529741 -0.026482 wh:79,326,335,75 p:509,392 
20232 c:3.1414,0,1 w:0.0118,-0.0001,0.0262 q:0.663352,-0.527853,-0.529741 -0.026482 wh:79,326,335,75 p:509,392 
20349 c:3.1414,0,1 w:-0.0016,0.0181,0.0197 q:0.664050,-0.529048,-0.527727 -0.025315 wh:74,327,334,76 p:504,392 
20470 c:3.1414,0,1 w:0.0086,0.0159,-0.0228 q:0.665126,-0.528342,-0.527013 -0.026669 wh:70,330,338,68 p:513,392 
20587 c:3.1414,0,1 w:0.0086,0.0159,-0.0228 q:0.665126,-0.528342,-0.527013 -0.026669 wh:70,330,338,68 p:513,392 
20704 c:3.1414,0,1 w:0.0231,0.0057,-0.0239 q:0.665995,-0.526649,-0.527573 -0.027378 wh:68,326,332,66 p:501,392 
20822 c:3.1414,0,1 w:0.0207,0.0028,0.0165 q:0.667260,-0.525315,-0.527366 -0.026163 wh:66,332,334,65 p:503,392 
20942 c:3.1414,0,1 w:0.0005,0.0179,0.0165 q:0.668309,-0.526372,-0.525062 -0.024435 wh:66,328,336,65 p:504,390 
21058 c:3.1414,0,1 w:0.0005,0.0179,0.0308 q:0.668309,-0.526372,-0.525062 -0.024435 wh:66,328,336,65 p:504,390 
21175 c:3.1414,0,1 w:-0.0048,0.0193,0.0036 q:0.668781,-0.526920,-0.523898 -0.024693 wh:70,326,330,73 p:504,392 
21292 c:3.1414,0,1 w:0.0103,0.0032,-0.0326 q:0.669344,-0.525482,-0.524537 -0.026452 wh:72,325,330,78 p:514,393 
21409 c:3.1414,0,1 w:0.0103,0.0032,-0.0326 q:0.669344,-0.525482,-0.524537 -0.026452 wh:72,325,330,78 p:514,393 
21530 c:3.1414,0,1 w:0.0129,-0.0078,-0.0007 q:0.669802,-0.523767,-0.525662 -0.026544 wh:78,322,328,77 p:513,393 
21648 c:3.1414,0,1 w:0.0036,-0.0020,0.0322 q:0.669937,-0.524390,-0.524939 -0.025090 wh:78,321,328,79 p:516,393 
21766 c:3.1414,0,1 w:0.0036,-0.0020,0.0322 q:0.669937,-0.524390,-0.524939 -0.025090 wh:78,321,328,79 p:516,393 
21883 c:3.1414,0,1 w:-0.0132,0.0107,0.0209 q:0.669925,-0.526493,-0.522900 -0.023949 wh:75,316,325,79 p:515,393 
22004 c:3.1414,0,1 w:-0.0018,0.0026,-0.0286 q:0.669844,-0.526159,-0.523268 -0.025441 wh:79,317,322,76 p:514,393 
22122 c:3.1414,0,1 w:-0.0018,0.0026,-0.0286 q:0.669844,-0.526159,-0.523268 -0.025441 wh:79,317,322,76 p:514,393 
22240 c:3.1414,0,1 w:0.0080,-0.0078,-0.0272 q:0.669892,-0.524830,-0.524495 -0.026331 wh:79,316,322,77 p:510,393 
22360 c:3.1414,0,1 w:0.0062,-0.0117,0.0207 q:0.669734,-0.524411,-0.525182 -0.025019 wh:77,311,319,75 p:499,392 
22476 c:3.1414,0,1 w:-0.0139,0.0072,0.0288 q:0.669482,-0.526614,-0.523368 -0.023428 wh:77,315,319,75 p:498,391 
22597 c:3.1414,0,1 w:-0.0139,0.0072,0.0288 q:0.669482,-0.526614,-0.523368 -0.023428 wh:77,315,319,75 p:498,391 
22714 c:3.1414,0,1 w:-0.0105,0.0064,-0.0043 q:0.669330,-0.527296,-0.522857 -0.023855 wh:75,316,320,78 p:500,391 
22833 c:3.1414,0,1 w:0.0078,-0.0013,-0.0312 q:0.669419,-0.525805,-0.524156 -0.025662 wh:75,314,325,76 p:495,391 
22951 c:3.1414,0,1 w:0.0078,-0.0013,-0.0312 q:0.669419,-0.525805,-0.524156 -0.025662 wh:75,314,325,76 p:495,391 
23073 c:3.1414,0,1 w:0.0116,-0.0110,0.0105 q:0.669510,-0.524668,-0.525213 -0.024962 wh:76,312,321,79 p:498,391 
23190 c:3.1414,0,1 w:-0.0004,-0.0004,0.0358 q:0.669532,-0.525602,-0.524319 -0.023468 wh:74,319,325,78 p:511,391 
23309 c:3.1414,0,1 w:-0.0004,-0.0004,0.0358 q:0.669532,-0.525602,-0.524319 -0.023468 wh:74,319,325,78 p:511,391 
23427 c:3.1414,0,1 w:-0.0099,0.0130,0.0094 q:0.669615,-0.527304,-0.522523 -0.022950 wh:77,321,327,77 p:507,391 
23545 c:3.1414,0,1 w:0.0083,0.0029,-0.0330 q:0.669996,-0.526130,-0.523133 -0.024824 wh:74,322,331,77 p:511,392 
23665 c:3.1414,0,1 w:0.0138,-0.0073,-0.0191 q:0.670227,-0.524715,-0.524234 -0.025280 wh:77,319,326,77 p:515,392 
23783 c:3.1414,0,1 w:0.0138,-0.0073,-0.0191 q:0.670227,-0.524715,-0.524234 -0.025280 wh:77,319,326,77 p:515,392 
23902 c:3.1414,0,1 w:0.0026,-0.0029,0.0294 q:0.670334,-0.524924,-0.523967 -0.023603 wh:73,316,325,75 p:496,393 
24019 c:3.1414,0,1 w:-0.0084,0.0126,0.0198 q:0.670455,-0.526787,-0.521987 -0.022487 wh:76,318,324,77 p:501,392 
24140 c:3.1414,0,1 w:-0.0084,0.0126,0.0198 q:0.670455,-0.526787,-0.521987 -0.022487 wh:76,318,324,77 p:501,392 
24257 c:3.1414,0,1 w:-0.0042,0.0101,-0.0146 q:0.670621,-0.526784,-0.521741 -0.023338 wh:77,316,321,76 p:502,392 
24376 c:3.1414,0,1 w:0.0109,-0.0049,-0.0298 q:0.670776,-0.524887,-0.523379 -0.024894 wh:77,315,322,74 p:512,392 
24495 c:3.1414,0,1 w:0.0109,-0.0049,-0.0298 q:0.670776,-0.524887,-0.523379 -0.024894 wh:77,315,322,74 p:512,392 
24612 c:3.1414,0,1 w:0.0045,-0.0076,0.0219 q:0.670832,-0.524522,-0.523720 -0.023895 wh:76,314,323,77 p:507,392 
24734 c:3.1414,0,1 w:-0.0042,-0.0006,0.0362 q:0.670760,-0.525767,-0.522629 -0.022366 wh:75,311,321,78 p:502,391 
24852 c:3.1414,0,1 w:-0.0088,0.0081,-0.0019 q:0.670628,-0.527187,-0.521376 -0.022138 wh:73,312,318,78 p:506,392 
24970 c:3.1414,0,1 w:-0.0088,0.0081,-0.0019 q:0.670628,-0.527187,-0.521376 -0.022138 wh:73,312,318,78 p:506,392 
25089 c:3.1414,0,1 w:0.0043,-0.0044,-0.0326 q:0.670579,-0.525795,-0.522762 -0.023964 wh:74,314,322,81 p:518,392 
25232 c:3.1414,0,1 w:0.0100,-0.0085,-0.0127 q:0.670586,-0.524754,-0.523786 -0.024236 wh:74,313,321,81 p:507,392 
25350 c:3.1414,0,1 w:0.0100,-0.0085,-0.0127 q:0.670586,-0.524754,-0.523786 -0.024236 wh:74,313,321,81 p:507,392 
25468 c:3.1414,0,1 w:-0.0013,-0.0026,0.0346 q:0.670493,-0.525600,-0.523141 -0.022340 wh:74,311,316,80 p:515,392 
25587 c:3.1414,0,1 w:-0.0099,0.0090,0.0122 q:0.670396,-0.527455,-0.521428 -0.021558 wh:76,314,321,79 p:506,392 
25705 c:3.1414,0,1 w:-0.0030,0.0057,-0.0222 q:0.670415,-0.527174,-0.521645 -0.022577 wh:73,312,321,75 p:507,392 
25827 c:3.1414,0,1 w:-0.0030,0.0057,-0.0222 q:0.670415,-0.527174,-0.521645 -0.022577 wh:73,312,321,75 p:507,392 
25945 c:3.1414,0,1 w:0.0130,-0.0059,-0.0216 q:0.670658,-0.525260,-0.523198 -0.023992 wh:74,313,320,73 p:507,392 
26062 c:3.1414,0,1 w:0.0010,-0.0021,0.0258 q:0.670689,-0.525522,-0.522953 -0.022680 wh:70,316,327,74 p:503,392 
26180 c:3.1414,0,1 w:0.0010,-0.0021,0.0258 q:0.670689,-0.525522,-0.522953 -0.022680 wh:70,316,327,74 p:503,392 
26301 c:3.1414,0,1 w:-0.0047,0.0058,0.0337 q:0.670775,-0.526883,-0.521525 -0.021399 wh:73,310,319,74 p:506,392 
26418 c:3.1414,0,1 w:-0.0047,0.0084,-0.0120 q:0.670892,-0.527379,-0.520860 -0.021706 wh:68,310,319,75 p:515,392 
26536 c:3.1414,0,1 w:-0.0047,0.0084,-0.0120 q:0.670892,-0.527379,-0.520860 -0.021706 wh:68,310,319,75 p:515,392 
26655 c:3.1414,0,1 w:0.0106,-0.0047,-0.0278 q:0.671124,-0.525478,-0.522409 -0.023346 wh:69,310,321,72 p:508,392 
26774 c:3.1414,0,1 w:0.0087,-0.0078,0.0012 q:0.671188,-0.524779,-0.523042 -0.023070 wh:74,312,317,73 p:506,392 
26895 c:3.1414,0,1 w:-0.0036,0.0000,0.0375 q:0.671153,-0.526268,-0.521669 -0.021172 wh:72,310,321,73 p:512,392 
27020 c:3.1414,0,1 w:-0.0036,0.0000,0.0375 q:0.671153,-0.526268,-0.521669 -0.021172 wh:72,310,321,73 p:512,392 
27137 c:3.1414,0,1 w:-0.0074,0.0052,0.0004 q:0.671045,-0.527656,-0.520427 -0.020578 wh:71,307,315,74 p:508,392 
27253 c:3.1414,0,1 w:0.0000,0.0020,-0.0294 q:0.671025,-0.526907,-0.521164 -0.021751 wh:71,307,316,73 p:506,392 
27375 c:3.1414,0,1 w:0.0000,0.0020,-0.0294 q:0.671025,-0.526907,-0.521164 -0.021751 wh:71,307,316,73 p:506,392 
27492 c:3.1414,0,1 w:0.0019,-0.0018,-0.0156 q:0.671028,-0.525293,-0.522722 -0.023280 wh:74,310,317,77 p:510,392 
27610 c:3.1414,0,1 w:0.0029,-0.0084,0.0349 q:0.670920,-0.525939,-0.522295 -0.021296 wh:74,307,312,74 p:501,392 
27727 c:3.1414,0,1 w:0.0029,-0.0084,0.0349 q:0.670920,-0.525939,-0.522295 -0.021296 wh:74,307,312,74 p:501,392 
27845 c:3.1414,0,1 w:-0.0079,0.0049,0.0366 q:0.670822,-0.527406,-0.520994 -0.019925 wh:72,309,317,79 p:515,392 
27966 c:3.1414,0,1 w:-0.0053,0.0051,-0.0197 q:0.670707,-0.527934,-0.520584 -0.020540 wh:73,312,315,76 p:507,392 
28084 c:3.1414,0,1 w:0.0081,-0.0074,-0.0307 q:0.670773,-0.525956,-0.522418 -0.022465 wh:70,306,315,74 p:511,392 
28203 c:3.1414,0,1 w:0.0081,-0.0074,-0.0307 q:0.670773,-0.525956,-0.522418 -0.022465 wh:70,306,315,74 p:511,392 
28321 c:3.1414,0,1 w:0.0068,-0.0033,0.0051 q:0.670861,-0.525427,-0.522844 -0.022305 wh:71,309,316,76 p:515,392 
28442 c:3.1414,0,1 w:-0.0021,0.0009,0.0404 q:0.670955,-0.527028,-0.521207 -0.019889 wh:72,308,315,74 p:509,392 
28559 c:3.1414,0,1 w:-0.0021,0.0009,0.0404 q:0.670955,-0.527028,-0.521207 -0.019889 wh:72,308,315,74 p:509,392 
28676 c:3.1414,0,1 w:-0.0022,0.0069,-0.0048 q:0.671156,-0.527969,-0.520007 -0.019534 wh:70,304,318,70 p:501,392 
28794 c:3.1414,0,1 w:0.0025,0.0061,-0.0359 q:0.671355,-0.526941,-0.520738 -0.020936 wh:70,308,318,71 p:515,392 
28912 c:3.1414,0,1 w:0.0025,0.0061,-0.0359 q:0.671355,-0.526941,-0.520738 -0.020936 wh:70,308,318,71 p:515,392 
29033 c:3.1414,0,1 w:0.0080,-0.0035,-0.0081 q:0.671635,-0.525213,-0.522082 -0.021883 wh:65,305,318,74 p:509,392 
29151 c:3.1414,0,1 w:0.0010,-0.0026,0.0398 q:0.671786,-0.526283,-0.520892 -0.019844 wh:67,308,318,77 p:512,392 
29268 c:3.1414,0,1 w:-0.0065,0.0072,0.0291 q:0.671792,-0.527617,-0.519569 -0.018828 wh:71,310,317,79 p:506,392 
29386 c:3.1414,0,1 w:-0.0065,0.0072,0.0291 q:0.671792,-0.527617,-0.519569 -0.018828 wh:71,310,317,79 p:506,392 
29507 c:3.1414,0,1 w:-0.0012,0.0046,-0.0275 q:0.671882,-0.527310,-0.519727 -0.019839 wh:69,305,313,77 p:506,392 
29625 c:3.1414,0,1 w:0.0080,-0.0076,-0.0230 q:0.671978,-0.525355,-0.521515 -0.021463 wh:71,303,317,76 p:505,392 
29743 c:3.1414,0,1 w:0.0080,-0.0076,-0.0230 q:0.671978,-0.525355,-0.521515 -0.021463 wh:71,303,317,76 p:505,392 
29861 c:3.1414,0,1 w:0.0025,-0.0050,0.0174 q:0.671920,-0.525434,-0.521537 -0.020843 wh:72,308,319,79 p:514,392 
29979 c:3.1414,0,1 w:-0.0068,0.0029,0.0349 q:0.671718,-0.527260,-0.520039 -0.018504 wh:71,306,316,80 p:509,392 
30100 c:3.1414,0,1 w:-0.0068,0.0029,0.0349 q:0.671718,-0.527260,-0.520039 -0.018504 wh:71,306,316,80 p:509,392 
30217 c:3.1414,0,1 w:-0.0030,0.0042,-0.0127 q:0.671658,-0.528010,-0.519346 -0.018785 wh:72,309,320,76 p:505,392 
30336 c:3.1414,0,1 w:0.0031,0.0020,-0.0367 q:0.671761,-0.526812,-0.520373 -0.020248 wh:75,306,323,77 p:523,392 
30453 c:3.1414,0,1 w:0.0060,-0.0003,0.0018 q:0.672014,-0.525321,-0.521534 -0.020712 wh:75,309,319,73 p:520,392 
30574 c:3.1414,0,1 w:0.0060,-0.0003,0.0018 q:0.672014,-0.525321,-0.521534 -0.020712 wh:75,309,319,73 p:520,392 
30691 c:3.1414,0,1 w:0.0000,0.0000,0.0438 q:0.672114,-0.526819,-0.519977 -0.018435 wh:70,308,318,75 p:504,392 
30807 c:3.1414,0,1 w:-0.0045,0.0052,0.0212 q:0.672189,-0.527909,-0.518804 -0.017555 wh:70,307,314,73 p:515,392 
30924 c:3.1414,0,1 w:-0.0045,0.0052,0.0212 q:0.672189,-0.527909,-0.518804 -0.017555 wh:70,307,314,73 p:515,392 
31042 c:3.1414,0,1 w:0.0026,0.0058,-0.0339 q:0.672451,-0.526959,-0.519386 -0.018813 wh:68,309,315,72 p:516,392 
31163 c:3.1414,0,1 w:0.0077,-0.0036,-0.0144 q:0.672747,-0.525095,-0.520836 -0.020205 wh:69,305,316,72 p:518,392 
31281 c:3.1414,0,1 w:0.0077,-0.0036,-0.0144 q:0.672747,-0.525095,-0.520836 -0.020205 wh:69,305,316,72 p:518,392 
31399 c:3.1414,0,1 w:0.0025,-0.0009,0.0226 q:0.672853,-0.525466,-0.520352 -0.019482 wh:67,305,313,72 p:514,392 
31517 c:3.1414,0,1 w:-0.0056,0.0039,0.0339 q:0.672895,-0.527334,-0.518486 -0.017192 wh:71,307,316,76 p:508,392 
31638 c:3.1414,0,1 w:-0.0009,0.0017,-0.0202 q:0.672862,-0.527490,-0.518354 -0.017674 wh:70,306,318,76 p:507,392 
31755 c:3.1414,0,1 w:-0.0009,0.0017,-0.0202 q:0.672862,-0.527490,-0.518354 -0.017674 wh:70,306,318,76 p:507,392 
31874 c:3.1414,0,1 w:0.0048,-0.0010,-0.0391 q:0.672954,-0.526003,-0.519690 -0.019139 wh:73,305,312,76 p:520,392 
31992 c:3.1414,0,1 w:0.0026,-0.0038,0.0094 q:0.672940,-0.525133,-0.520580 -0.019384 wh:73,308,315,79 p:494,392 
32110 c:3.1414,0,1 w:0.0026,-0.0038,0.0094 q:0.672940,-0.525133,-0.520580 -0.019384 wh:73,308,315,79 p:494,392 
32231 c:3.1414,0,1 w:-0.0018,-0.0024,0.0360 q:0.672807,-0.526273,-0.519651 -0.017935 wh:71,305,316,79 p:511,392 
32349 c:3.1414,0,1 w:-0.0035,-0.0001,0.0117 q:0.672659,-0.527988,-0.518149 -0.016450 wh:74,307,312,75 p:523,392 
32467 c:3.1414,0,1 w:-0.0035,-0.0001,0.0117 q:0.672659,-0.527988,-0.518149 -0.016450 wh:74,307,312,75 p:523,392 
32585 c:3.1414,0,1 w:-0.0282,-0.0206,-0.0544 q:0.670277,-0.527230,-0.521828 -0.021067 wh:74,306,316,77 p:509,392 
32709 c:3.1414,0,1 w:-0.0139,-0.0394,0.0091 q:0.668542,-0.527661,-0.523625 -0.020827 wh:72,303,313,74 p:502,392 
32827 c:3.1414,0,1 w:-0.0190,-0.0381,0.0690 q:0.665707,-0.531847,-0.523178 -0.015768 wh:68,303,311,70 p:504,391 
32946 c:3.1414,0,1 w:-0.0190,-0.0381,0.0690 q:0.665707,-0.531847,-0.523178 -0.015768 wh:68,303,311,70 p:504,391 
33063 c:3.1414,0,1 w:-0.0273,0.0069,-0.0336 q:0.663531,-0.534367,-0.523380 -0.015636 wh:67,302,312,73 p:501,391 
33182 c:3.1414,0,1 w:-0.0152,0.0170,-0.0744 q:0.663377,-0.532618,-0.525207 -0.019964 wh:67,307,316,72 p:502,391 
33304 c:3.1414,0,1 w:-0.0152,0.0170,-0.0744 q:0.663377,-0.532618,-0.525207 -0.019964 wh:67,307,316,72 p:502,391 
33422 c:3.1414,0,1 w:0.3404,0.1828,0.0346 q:0.677651,-0.519781,-0.519892 -0.017933 wh:66,310,323,70 p:504,391 
33539 c:3.1414,0,1 w:0.3953,0.3533,0.1391 q:0.712979,-0.497454,-0.494145 -0.003596 wh:61,315,325,68 p:518,391 
33655 c:3.1414,0,1 w:0.3953,0.3533,0.1391 q:0.712979,-0.497454,-0.494145 -0.003596 wh:61,315,325,68 p:518,391 
33772 c:3.1414,0,1 w:0.2728,0.4571,0.0394 q:0.735113,-0.486101,-0.472527 -0.004979 wh:58,313,323,63 p:506,391 
33892 c:3.1414,0,1 w:0.3211,0.4237,-0.0776 q:0.767593,-0.462922,-0.442951 -0.017029 wh:62,317,326,64 p:490,389 
34009 c:3.1414,0,1 w:0.4579,0.2577,0.0603 q:0.798268,-0.430930,-0.420585 -0.012913 wh:71,311,324,86 p:501,391 
34125 c:3.1414,0,1 w:0.4579,0.2577,0.0603 q:0.798268,-0.430930,-0.420585 -0.012913 wh:71,311,324,86 p:501,391 
34241 c:3.1414,0,1 w:0.4377,0.2415,0.1487 q:0.816240,-0.411563,-0.405412 -0.001164 wh:81,300,314,91 p:500,392 
34362 c:3.1414,0,1 w:0.2757,0.3814,0.0517 q:0.840677,-0.389897,-0.375754 0.006522 wh:91,296,307,93 p:506,391 
34476 c:3.1414,0,1 w:0.2757,0.3814,0.0517 q:0.840677,-0.389897,-0.375754 0.006522 wh:91,296,307,93 p:506,391 
34591 c:3.1414,0,1 w:0.2502,0.4121,-0.0964 q:0.863549,-0.368257,-0.344434 -0.005191 wh:97,280,289,107 p:505,391 
34710 c:3.1414,0,1 w:0.3843,0.2612,0.0224 q:0.884820,-0.338523,-0.320027 -0.008337 wh:104,273,281,111 p:483,391 
34829 c:3.1414,0,1 w:0.3843,0.2612,0.0224 q:0.884820,-0.338523,-0.320027 -0.008337 wh:104,273,281,111 p:483,391 
34960 c:3.1414,0,1 w:0.4083,0.2225,0.1470 q:0.897613,-0.318197,-0.305008 0.001821 wh:111,265,273,118 p:504,390 
35080 c:3.1414,0,1 w:0.2934,0.3110,0.0016 q:0.915592,-0.290563,-0.277720 0.011255 wh:121,248,259,129 p:508,390 
35198 c:3.1414,0,1 w:-0.0033,0.1680,-0.0801 q:0.922748,-0.283260,-0.261297 -0.004011 wh:126,245,253,133 p:509,390 
35320 c:3.1414,0,1 w:-0.0033,0.1680,-0.0801 q:0.922748,-0.283260,-0.261297 -0.004011 wh:126,245,253,133 p:509,390 
35446 c:3.1414,0,1 w:-0.0062,0.0692,0.0998 q:0.924022,-0.284640,-0.255238 -0.002817 wh:129,239,244,141 p:501,390 
35567 c:3.1414,0,1 w:0.0708,0.0171,0.1133 q:0.925876,-0.283617,-0.249361 0.011215 wh:143,222,234,152 p:494,390 
35686 c:3.1414,0,1 w:0.0708,0.0171,0.1133 q:0.925876,-0.283617,-0.249361 0.011215 wh:143,222,234,152 p:494,390 
35805 c:3.1414,0,1 w:-0.0009,-0.0840,-0.0416 q:0.925697,-0.280448,-0.253408 0.014494 wh:149,218,224,156 p:517,392 
35928 c:3.1414,0,1 w:-0.0355,-0.0068,0.0146 q:0.924629,-0.282023,-0.255599 0.013567 wh:157,201,208,158 p:507,392 
36052 c:3.1414,0,1 w:0.0036,-0.0137,0.0522 q:0.924734,-0.284676,-0.251982 0.017994 wh:157,193,201,154 p:510,393 
36172 c:3.1414,0,1 w:0.0036,-0.0137,0.0522 q:0.924734,-0.284676,-0.251982 0.017994 wh:157,193,201,154 p:510,393 
36292 c:3.1414,0,1 w:-0.0135,-0.0588,0.0209 q:0.923034,-0.285887,-0.256509 0.021694 wh:157,192,200,160 p:524,392 
36413 c:3.1414,0,1 w:-0.0403,-0.0139,-0.0112 q:0.922054,-0.287664,-0.258092 0.021111 wh:160,194,202,162 p:502,389 

Comms Startup 
547
579 c:3.1414,0,0 w:0.0000,0.0000,0.0000 q:0.000000,0.000000,0.000000 0.000000 wh:100,94,92,97 p:413,367 
691 c:3.1414,0,0 w:0.0000,0.0000,0.0000 q:0.000000,0.000000,0.000000 0.000000 wh:100,94,92,97 p:413,367 
801 c:3.1414,0,0 w:0.0000,0.0000,0.0000 q:0.000000,0.000000,0.000000 0.000000 wh:121,119,119,116 p:453,379 
916 c:3.1414,0,0 w:0.0000,0.0000,0.0000 q:0.000000,0.000000,0.000000 0.000000 wh:136,133,135,135 p:458,379 
1031 c:3.1414,0,0 w:0.0000,0.0000,0.0000 q:0.000000,0.000000,0.000000 0.000000 wh:136,133,135,135 p:458,379 
1149 c:3.1414,0,0 w:0.0000,0.0000,0.0000 q:0.000000,0.000000,0.000000 0.000000 wh:160,157,158,158 p:457,381 
1265 c:3.1414,0,0 w:0.0000,0.0000,0.0000 q:0.000000,0.000000,0.000000 0.000000 wh:169,164,168,166 p:479,384 
1381 c:3.1414,0,0 w:0.0000,0.0000,0.0000 q:0.000000,0.000000,0.000000 0.000000 wh:183,176,181,178 p:484,386 
1496 c:3.1414,0,0 w:0.0000,0.0000,0.0000 q:0.000000,0.000000,0.000000 0.000000 wh:183,176,181,178 p:484,386 
1614 c:3.1414,0,0 w:0.0000,0.0000,0.0000 q:0.000000,0.000000,0.000000 0.000000 wh:183,180,182,180 p:492,387 
1730 c:3.1414,0,0 w:0.0000,0.0000,0.0000 q:0.000000,0.000000,0.000000 0.000000 wh:189,186,186,185 p:496,388 
1846 c:3.1414,0,0 w:0.0000,0.0000,0.0000 q:0.000000,0.000000,0.000000 0.000000 wh:189,186,186,185 p:496,388 
1960 c:3.1414,0,0 w:0.0000,0.0000,0.0000 q:0.000000,0.000000,0.000000 0.000000 wh:193,189,192,192 p:480,388 
2076 c:3.1414,0,0 w:0.0000,0.0000,0.0000 q:0.000000,0.000000,0.000000 0.000000 wh:193,193,194,193 p:485,389 
2195 c:3.1414,0,0 w:0.0000,0.0000,0.0000 q:0.000000,0.000000,0.000000 0.000000 wh:193,193,194,193 p:485,389 
2311 c:3.1414,0,0 w:-0.0026,0.0020,-0.0050 q:0.999966,-0.004741,0.002837 -0.005330 wh:196,192,196,198 p:492,389 
2430 c:3.1414,0,0 w:0.0020,-0.0019,-0.0031 q:0.999967,-0.004758,0.002816 -0.005241 wh:198,195,198,200 p:496,390 
2550 c:3.1414,0,0 w:-0.0026,0.0027,-0.0031 q:0.999965,-0.004904,0.002769 -0.005413 wh:198,196,197,195 p:494,390 
2674 c:3.1414,0,0 w:-0.0026,0.0027,-0.0031 q:0.999965,-0.004904,0.002769 -0.005413 wh:198,196,197,195 p:494,390 
2794 c:3.1414,0,0 w:-0.0066,0.0002,0.0105 q:0.999966,-0.005006,0.002881 -0.005049 wh:199,193,194,197 p:507,390 
2913 c:3.1414,0,0 w:0.0027,-0.0164,0.0054 q:0.999964,-0.005687,0.002042 -0.005154 wh:198,192,194,195 p:496,391 
3032 c:3.1414,0,0 w:0.0027,-0.0164,0.0054 q:0.999964,-0.005687,0.002042 -0.005154 wh:198,192,194,195 p:496,391 
3150 c:3.1414,0,0 w:0.0127,-0.0109,0.0111 q:0.999970,-0.005119,0.001516 -0.004711 wh:199,193,198,198 p:513,391 
3273 c:3.1414,0,0 w:0.0208,0.0005,-0.0015 q:0.999982,-0.003768,0.000828 -0.003597 wh:196,191,193,196 p:502,391 
3392 c:3.1414,0,0 w:0.0208,0.0005,-0.0015 q:0.999982,-0.003768,0.000828 -0.003597 wh:196,191,193,196 p:502,391 
3511 c:3.1414,0,0 w:0.0107,0.0111,0.0034 q:0.999983,-0.002854,0.001531 -0.003781 wh:198,193,197,195 p:503,391 
3629 c:3.1414,0,0 w:0.0169,0.0178,0.0008 q:0.999986,-0.001530,0.002707 -0.003209 wh:196,191,193,198 p:507,391 
3750 c:3.1414,0,0 w:-0.0124,0.0147,0.0024 q:0.999979,-0.002026,0.004400 -0.002988 wh:197,191,196,196 p:493,391 
3869 c:3.1414,0,0 w:-0.0124,0.0147,0.0024 q:0.999979,-0.002026,0.004400 -0.002988 wh:197,191,196,196 p:493,391 
3988 c:3.1414,0,0 w:0.0110,-0.0103,-0.0059 q:0.999983,-0.001713,0.003731 -0.002963 wh:197,191,198,198 p:500,391 
4108 c:3.1414,0,0 w:-0.0115,-0.0128,-0.0057 q:0.999984,-0.002060,0.002408 -0.003737 wh:197,191,198,194 p:503,391 
4229 c:3.1414,0,0 w:-0.0115,-0.0128,-0.0057 q:0.999984,-0.002060,0.002408 -0.003737 wh:197,191,198,194 p:503,391 
4353 c:3.1414,0,0 w:-0.0022,-0.0039,-0.0025 q:0.999983,-0.002497,0.002159 -0.003877 wh:198,196,195,196 p:494,391 
4474 c:3.1414,0,0 w:-0.0162,0.0146,-0.0025 q:0.999979,-0.002882,0.002685 -0.004229 wh:195,194,195,197 p:500,391 
4594 c:3.1414,0,0 w:-0.0127,0.0228,-0.0073 q:0.999962,-0.004669,0.004844 -0.004639 wh:197,192,196,195 p:501,391 
4714 c:3.1414,0,0 w:-0.0127,0.0228,-0.0073 q:0.999962,-0.004669,0.004844 -0.004639 wh:197,192,196,195 p:501,391 
4837 c:3.1414,0,0 w:0.0156,-0.0018,0.0094 q:0.999962,-0.004163,0.005493 -0.004455 wh:197,196,198,198 p:495,391 
4956 c:3.1414,0,0 w:0.0140,-0.0140,0.0109 q:0.999976,-0.002317,0.004240 -0.004124 wh:201,195,200,197 p:501,391 
5075 c:3.1414,0,0 w:0.0140,-0.0140,0.0109 q:0.999976,-0.002317,0.004240 -0.004124 wh:201,195,200,197 p:501,391 
5194 c:3.1414,0,0 w:-0.0087,0.0089,-0.0050 q:0.999977,-0.002443,0.004201 -0.003753 wh:199,194,196,198 p:495,391 
5314 c:3.1414,0,0 w:-0.0099,0.0066,-0.0063 q:0.999970,-0.003177,0.004825 -0.004196 wh:202,196,200,198 p:502,391 
5437 c:3.1414,0,0 w:0.0014,-0.0036,0.0001 q:0.999971,-0.003051,0.004687 -0.004245 wh:197,197,199,198 p:501,391 
5556 c:3.1414,0,0 w:0.0014,-0.0036,0.0001 q:0.999971,-0.003051,0.004687 -0.004245 wh:197,197,199,198 p:501,391 
5675 c:3.1414,0,0 w:-0.0096,-0.0010,0.0036 q:0.999972,-0.003401,0.004269 -0.004237 wh:198,193,197,197 p:492,391 
5795 c:3.1414,0,0 w:0.0014,-0.0079,-0.0066 q:0.999971,-0.003648,0.003894 -0.004540 wh:200,195,196,197 p:499,391 
5918 c:3.1414,0,0 w:0.0014,-0.0079,-0.0066 q:0.999971,-0.003648,0.003894 -0.004540 wh:200,195,196,197 p:499,391 
6038 c:3.1414,0,0 w:-0.0006,0.0057,-0.0054 q:0.999968,-0.003850,0.004063 -0.004865 wh:201,195,196,198 p:505,391 
6158 c:3.1414,0,0 w:0.0035,-0.0019,0.0115 q:0.999972,-0.003406,0.003977 -0.004415 wh:197,197,195,197 p:501,391 
6277 c:3.1414,0,0 w:0.0035,-0.0019,0.0115 q:0.999972,-0.003406,0.003977 -0.004415 wh:197,197,195,197 p:501,391 
6395 c:3.1414,0,0 w:0.0055,0.0014,-0.0022 q:0.999973,-0.003049,0.003992 -0.004571 wh:200,201,200,199 p:491,391 
6518 c:3.1414,0,0 w:0.0007,0.0040,-0.0024 q:0.999971,-0.003106,0.004519 -0.004400 wh:197,196,195,200 p:500,391 
6637 c:3.1414,0,0 w:0.0024,0.0056,-0.0099 q:0.999967,-0.003060,0.004949 -0.004866 wh:196,196,198,197 p:501,391 
6756 c:3.1414,0,0 w:0.0024,0.0056,-0.0099 q:0.999967,-0.003060,0.004949 -0.004866 wh:196,196,198,197 p:501,391 
6876 c:3.1414,0,0 w:0.0062,-0.0002,0.0027 q:0.999967,-0.002563,0.005074 -0.005011 wh:196,193,196,196 p:496,391 
6994 c:3.1414,0,0 w:0.0059,-0.0015,0.0034 q:0.999970,-0.001998,0.005007 -0.004643 wh:197,191,198,195 p:508,392 
7116 c:3.1414,0,0 w:0.0059,-0.0015,0.0034 q:0.999970,-0.001998,0.005007 -0.004643 wh:197,191,198,195 p:508,392 
7235 c:3.1414,0,0 w:-0.0028,0.0071,0.0033 q:0.999970,-0.002021,0.005408 -0.004239 wh:197,191,195,198 p:492,391 
7355 c:3.1414,0,0 w:0.0356,0.0303,-0.0008 q:0.999962,-0.000676,0.006870 -0.004455 wh:198,192,194,194 p:497,391 
7474 c:3.1414,0,0 w:0.0682,0.0512,0.0004 q:0.999917,0.004482,0.011053 -0.003989 wh:198,192,196,197 p:492,391 
7593 c:3.1414,0,0 w:0.0682,0.0512,0.0004 q:0.999917,0.004482,0.011053 -0.003989 wh:198,192,196,197 p:492,391 
7710 c:3.1414,0,0 w:0.1270,0.1118,0.0112 q:0.999729,0.013245,0.018681 -0.003142 wh:200,194,197,195 p:507,391 
7827 c:3.1414,0,0 w:0.1773,0.1604,0.0189 q:0.999367,0.022683,0.027168 -0.002121 wh:196,194,195,198 p:499,391 
7944 c:3.1414,0,0 w:0.1773,0.1604,0.0189 q:0.999367,0.022683,0.027168 -0.002121 wh:196,194,195,198 p:499,391 
8060 c:3.1414,0,0 w:0.1721,0.1803,0.0024 q:0.998395,0.037711,0.042122 -0.001643 wh:197,195,198,196 p:500,391 
8180 c:3.1414,0,0 w:0.1697,0.1830,0.0053 q:0.996939,0.052298,0.058026 -0.001393 wh:199,196,198,198 p:498,391 
8297 c:3.1414,0,0 w:0.1697,0.1830,0.0053 q:0.996939,0.052298,0.058026 -0.001393 wh:199,196,198,198 p:498,391 
8414 c:3.1414,0,0 w:0.1806,0.1742,0.0230 q:0.995050,0.067545,0.072839 0.000279 wh:200,196,196,197 p:495,392 
8529 c:3.1414,0,0 w:0.1877,0.1691,0.0254 q:0.992697,0.083894,0.086601 0.002476 wh:199,191,197,194 p:510,392 
8649 c:3.1414,0,0 w:0.1788,0.1809,0.0069 q:0.989818,0.099981,0.101206 0.003454 wh:196,194,193,196 p:495,392 
8765 c:3.1414,0,0 w:0.1788,0.1809,0.0069 q:0.989818,0.099981,0.101206 0.003454 wh:196,194,193,196 p:495,392 
8881 c:3.1414,0,0 w:0.1689,0.1839,0.0024 q:0.986407,0.114923,0.117350 0.003777 wh:201,195,195,199 p:493,392 
8996 c:3.1414,0,0 w:0.1806,0.1703,0.0120 q:0.982521,0.130315,0.132824 0.004532 wh:198,196,196,196 p:512,391 
9112 c:3.1414,0,0 w:0.1806,0.1703,0.0120 q:0.982521,0.130315,0.132824 0.004532 wh:198,196,196,196 p:512,391 
9231 c:3.1414,0,0 w:0.1854,0.1717,0.0347 q:0.979625,0.141121,0.142728 0.006294 wh:195,193,194,195 p:488,392 
9347 c:3.1414,0,0 w:0.1848,0.1700,0.0237 q:0.974929,0.157735,0.156713 0.008089 wh:199,193,196,198 p:504,392 
9462 c:3.1414,0,0 w:0.1848,0.1700,0.0237 q:0.974929,0.157735,0.156713 0.008089 wh:199,193,196,198 p:504,392 
9578 c:3.1414,0,0 w:0.1742,0.1784,0.0047 q:0.969772,0.173169,0.171673 0.008687 wh:197,194,196,198 p:506,392 
9694 c:3.1414,0,0 w:0.1719,0.1816,0.0019 q:0.964071,0.187860,0.187587 0.008834 wh:199,195,195,194 p:501,392 
9814 c:3.1414,0,0 w:0.1790,0.1731,0.0269 q:0.957907,0.203116,0.202566 0.010812 wh:196,192,195,197 p:495,392 
9929 c:3.1414,0,0 w:0.1790,0.1731,0.0269 q:0.957907,0.203116,0.202566 0.010812 wh:196,192,195,197 p:495,392 
10045 c:3.1414,0,0 w:0.1884,0.1648,0.0225 q:0.953556,0.213866,0.211743 0.012160 wh:200,196,196,198 p:498,391 
10162 c:3.1414,0,0 w:0.1800,0.1731,0.0276 q:0.946611,0.229821,0.225661 0.013359 wh:199,194,197,197 p:498,392 
10281 c:3.1414,0,0 w:0.1800,0.1731,0.0276 q:0.946611,0.229821,0.225661 0.013359 wh:199,194,197,197 p:498,392 
10398 c:3.1414,0,0 w:0.1741,0.1780,-0.0057 q:0.939062,0.244858,0.240879 0.013282 wh:196,192,197,198 p:504,391 
10517 c:3.1414,0,0 w:0.1693,0.1829,0.0164 q:0.931015,0.259148,0.256586 0.014407 wh:198,193,196,196 p:508,392 
10634 c:3.1414,0,0 w:0.1693,0.1829,0.0164 q:0.931015,0.259148,0.256586 0.014407 wh:198,193,196,196 p:508,392 
10750 c:3.1414,0,0 w:0.1825,0.1688,0.0349 q:0.922551,0.274565,0.270611 0.016561 wh:200,195,195,196 p:494,392 
10871 c:3.1414,0,0 w:0.1894,0.1622,0.0218 q:0.916605,0.285314,0.279478 0.017743 wh:199,195,195,196 p:503,392 
10988 c:3.1414,0,0 w:0.1806,0.1716,0.0034 q:0.907348,0.300386,0.293516 0.018097 wh:199,195,195,194 p:503,392 
11105 c:3.1414,0,0 w:0.1806,0.1716,0.0034 q:0.907348,0.300386,0.293516 0.018097 wh:199,195,195,194 p:503,392 
11222 c:3.1414,0,0 w:0.1689,0.1858,-0.0004 q:0.897671,0.314122,0.308492 0.018388 wh:195,191,195,195 p:494,392 
11342 c:3.1414,0,0 w:0.1735,0.1735,0.0294 q:0.887388,0.328298,0.323031 0.020158 wh:198,191,197,198 p:497,392 
11460 c:3.1414,0,0 w:0.1735,0.1735,0.0294 q:0.887388,0.328298,0.323031 0.020158 wh:198,191,197,198 p:497,392 
11577 c:3.1414,0,0 w:0.1843,0.1658,0.0335 q:0.880420,0.338393,0.331467 0.021732 wh:197,193,196,198 p:492,392 
11694 c:3.1414,0,0 w:0.1858,0.1645,0.0112 q:0.869404,0.353571,0.344388 0.022623 wh:198,193,196,194 p:484,392 
11810 c:3.1414,0,0 w:0.1739,0.1800,-0.0036 q:0.858035,0.367176,0.358385 0.022564 wh:198,194,193,197 p:496,392 
11932 c:3.1414,0,0 w:0.1739,0.1800,-0.0036 q:0.858035,0.367176,0.358385 0.022564 wh:198,194,193,197 p:496,392 
12050 c:3.1414,0,0 w:0.1701,0.1783,0.0138 q:0.846219,0.380299,0.372459 0.023472 wh:199,193,195,194 p:495,392 
12167 c:3.1414,0,0 w:0.1753,0.1804,0.0289 q:0.838003,0.389388,0.381430 0.025127 wh:196,192,196,196 p:496,392 
12283 c:3.1414,0,0 w:0.1753,0.1804,0.0289 q:0.838003,0.389388,0.381430 0.025127 wh:196,192,196,196 p:496,392 
12400 c:3.1414,0,0 w:0.1851,0.1618,0.0253 q:0.825503,0.403844,0.393354 0.026827 wh:198,197,196,197 p:506,392 
12520 c:3.1414,0,0 w:0.1858,0.1677,-0.0007 q:0.812526,0.417665,0.405745 0.026829 wh:198,192,198,197 p:495,392 
12638 c:3.1414,0,0 w:0.1858,0.1677,-0.0007 q:0.812526,0.417665,0.405745 0.026829 wh:198,192,198,197 p:495,392 
12756 c:3.1414,0,0 w:0.1700,0.1818,0.0018 q:0.799043,0.430092,0.419294 0.027096 wh:196,191,193,193 p:501,392 
12895 c:3.1414,0,0 w:0.1690,0.1826,0.0175 q:0.789884,0.438207,0.428082 0.028207 wh:200,194,199,195 p:506,392 
13015 c:3.1414,0,0 w:0.1805,0.1682,0.0260 q:0.775887,0.451339,0.439730 0.030339 wh:199,194,197,195 p:508,392 
13131 c:3.1414,0,0 w:0.1805,0.1682,0.0260 q:0.775887,0.451339,0.439730 0.030339 wh:199,194,197,195 p:508,392 
13248 c:3.1414,0,0 w:0.1861,0.1694,0.0211 q:0.761476,0.464722,0.450768 0.031422 wh:197,192,192,196 p:501,392 
13366 c:3.1414,0,0 w:0.1797,0.1694,-0.0033 q:0.746649,0.476894,0.462716 0.031170 wh:200,195,197,196 p:496,392 
13484 c:3.1414,0,0 w:0.1689,0.1839,0.0024 q:0.731217,0.488059,0.475501 0.031785 wh:197,197,199,199 p:510,392 
13603 c:3.1414,0,0 w:0.1689,0.1839,0.0024 q:0.731217,0.488059,0.475501 0.031785 wh:197,197,199,199 p:510,392 
13721 c:3.1414,0,0 w:0.1677,0.1792,0.0329 q:0.720926,0.495794,0.483054 0.033207 wh:198,192,196,196 p:492,392 
13846 c:3.1414,0,0 w:0.1852,0.1641,0.0215 q:0.705234,0.508113,0.493177 0.035128 wh:198,192,196,197 p:492,392 
13963 c:3.1414,0,0 w:0.1852,0.1641,0.0215 q:0.705234,0.508113,0.493177 0.035128 wh:198,192,196,197 p:492,392 
14084 c:3.1414,0,0 w:0.1890,0.1633,0.0060 q:0.689033,0.520017,0.503569 0.034995 wh:199,193,198,196 p:502,392 
14200 c:3.1414,0,0 w:0.1733,0.1822,0.0016 q:0.672428,0.530609,0.514840 0.035013 wh:198,191,193,197 p:502,392 
14317 c:3.1414,0,0 w:0.1669,0.1867,0.0121 q:0.661131,0.537261,0.522442 0.036084 wh:198,192,197,198 p:496,392 
14434 c:3.1414,0,0 w:0.1669,0.1867,0.0121 q:0.661131,0.537261,0.522442 0.036084 wh:198,192,197,198 p:496,392 
14551 c:3.1414,0,0 w:0.1738,0.1748,0.0337 q:0.644055,0.548148,0.532205 0.038427 wh:200,193,195,197 p:504,392 
14671 c:3.1414,0,0 w:0.1913,0.1601,0.0149 q:0.626229,0.559639,0.541410 0.038840 wh:199,192,196,193 p:491,392 
14788 c:3.1414,0,0 w:0.1913,0.1601,0.0149 q:0.626229,0.559639,0.541410 0.038840 wh:199,192,196,193 p:491,392 
14905 c:3.1414,0,0 w:0.1810,0.1735,-0.0018 q:0.608143,0.569791,0.551380 0.038363 wh:199,192,195,194 p:499,392 
15023 c:3.1414,0,0 w:0.1713,0.1819,0.0034 q:0.595682,0.575907,0.558553 0.038789 wh:200,193,196,198 p:507,392 
15139 c:3.1414,0,0 w:0.1713,0.1819,0.0034 q:0.577229,0.585125,0.558553 0.038789 wh:200,193,196,198 p:502,392 
15260 c:3.1414,0,0 w:0.1671,0.1809,0.0237 q:0.577229,0.585125,0.568122 0.040798 wh:199,196,197,198 p:502,392 
15377 c:3.1414,0,0 w:0.1829,0.1679,0.0271 q:0.558413,0.595158,0.576334 0.042322 wh:206,195,196,197 p:498,392 
15494 c:3.1414,0,0 w:0.1881,0.1613,0.0161 q:0.545768,0.601762,0.581571 0.042263 wh:203,195,200,195 p:497,392 
15610 c:3.1414,0,1 w:0.1881,0.1613,0.0161 q:0.545768,0.601762,0.581571 0.042263 wh:203,195,200,195 p:497,392 
15731 c:3.1414,0,1 w:0.1803,0.1731,-0.0019 q:0.526302,0.610449,0.590433 0.041693 wh:199,191,195,194 p:499,392 
15848 c:3.1414,0,1 w:0.1649,0.1827,0.0160 q:0.506697,0.618293,0.599270 0.042886 wh:198,191,196,196 p:501,392 
15966 c:3.1414,0,1 w:0.1649,0.1827,0.0160 q:0.506697,0.618293,0.599270 0.042886 wh:198,191,196,196 p:501,392 
16081 c:3.1414,0,1 w:0.1735,0.1783,0.0312 q:0.486839,0.626815,0.606657 0.045267 wh:195,194,197,197 p:500,392 
16199 c:3.1414,0,1 w:0.1860,0.1612,0.0173 q:0.473617,0.632461,0.611237 0.045401 wh:192,192,193,195 p:497,391 
16319 c:3.1414,0,1 w:0.1825,0.1590,0.0109 q:0.453524,0.640267,0.618362 0.044640 wh:195,188,191,195 p:481,387 
16436 c:3.1414,0,1 w:0.1825,0.1590,0.0109 q:0.453524,0.640267,0.618362 0.044640 wh:195,188,191,195 p:481,387 
16552 c:3.1414,0,1 w:0.1554,0.1618,0.0088 q:0.434732,0.646669,0.625159 0.044666 wh:200,186,186,203 p:479,388 
16669 c:3.1414,0,1 w:0.1397,0.1641,0.0123 q:0.422736,0.650469,0.629347 0.045802 wh:219,176,179,215 p:479,388 
16786 c:3.1414,0,1 w:0.1397,0.1641,0.0123 q:0.422736,0.650469,0.629347 0.045802 wh:219,176,179,215 p:479,388 
16907 c:3.1414,0,1 w:0.1448,0.1415,0.0179 q:0.405381,0.656313,0.634538 0.047674 wh:222,169,175,224 p:488,388 
17024 c:3.1414,0,1 w:0.1513,0.1204,0.0031 q:0.388811,0.661794,0.639239 0.047111 wh:237,164,161,236 p:488,388 
17140 c:3.1414,0,1 w:0.1513,0.1204,0.0031 q:0.388811,0.661794,0.639239 0.047111 wh:237,164,161,236 p:488,388 
17257 c:3.1414,0,1 w:0.1292,0.1256,0.0031 q:0.373079,0.666499,0.643763 0.046393 wh:241,154,156,240 p:480,387 
17378 c:3.1414,0,1 w:0.1106,0.1309,0.0076 q:0.363224,0.668997,0.646738 0.047247 wh:248,156,156,249 p:478,387 
17495 c:3.1414,0,1 w:0.1022,0.1152,0.0132 q:0.349376,0.672317,0.650792 0.048853 wh:260,146,145,265 p:477,386 
17611 c:3.1414,0,1 w:0.1022,0.1152,0.0132 q:0.349376,0.672317,0.650792 0.048853 wh:260,146,145,265 p:477,386 
17729 c:3.1414,0,1 w:0.1099,0.0970,0.0132 q:0.336620,0.676076,0.653595 0.049126 wh:265,141,139,270 p:475,386 
17846 c:3.1414,0,1 w:0.1058,0.0804,-0.0011 q:0.324742,0.679228,0.656440 0.047650 wh:280,133,132,284 p:469,386 
17967 c:3.1414,0,1 w:0.1058,0.0804,-0.0011 q:0.324742,0.679228,0.656440 0.047650 wh:280,133,132,284 p:469,386 
18084 c:3.1414,0,1 w:0.0898,0.0807,-0.0027 q:0.317543,0.680779,0.658383 0.047218 wh:289,130,130,292 p:469,386 
18203 c:3.1414,0,1 w:0.0657,0.0899,0.0092 q:0.307536,0.682787,0.660948 0.048595 wh:295,126,125,297 p:480,386 
18320 c:3.1414,0,1 w:0.0702,0.0712,0.0092 q:0.298453,0.684943,0.662775 0.050007 wh:307,118,117,311 p:479,386 
18441 c:3.1414,0,1 w:0.0702,0.0712,0.0092 q:0.298453,0.684943,0.662775 0.050007 wh:307,118,117,311 p:479,386 
18557 c:3.1414,0,1 w:0.0766,0.0555,0.0050 q:0.292829,0.686395,0.663822 0.049454 wh:316,115,113,318 p:475,386 
18674 c:3.1414,0,1 w:0.0663,0.0494,-0.0002 q:0.285231,0.688007,0.665565 0.047994 wh:322,112,111,323 p:484,387 
18792 c:3.1414,0,1 w:0.0663,0.0494,-0.0002 q:0.285231,0.688007,0.665565 0.047994 wh:322,112,111,323 p:484,387 
18910 c:3.1414,0,1 w:0.0415,0.0578,-0.0005 q:0.278562,0.688899,0.667439 0.048352 wh:333,106,103,336 p:474,387 
19032 c:3.1414,0,1 w:0.0340,0.0535,0.0086 q:0.272704,0.689941,0.668650 0.050132 wh:339,102,102,346 p:482,387 
19148 c:3.1414,0,1 w:0.0340,0.0535,0.0086 q:0.272704,0.689941,0.668650 0.050132 wh:339,102,102,346 p:482,387 
19265 c:3.1414,0,1 w:0.0427,0.0390,0.0063 q:0.269198,0.690750,0.669215 0.050395 wh:356,102,98,357 p:493,387 
19382 c:3.1414,0,1 w:0.0522,0.0205,-0.0034 q:0.264463,0.691888,0.670049 0.048747 wh:353,92,92,359 p:487,388 
19497 c:3.1414,0,1 w:0.0279,0.0282,-0.0031 q:0.260459,0.692503,0.671044 0.047879 wh:356,91,88,360 p:480,387 
19617 c:3.1414,0,1 w:0.0279,0.0282,-0.0031 q:0.260459,0.692503,0.671044 0.047879 wh:356,91,88,360 p:480,387 
19733 c:3.1414,0,1 w:0.0110,0.0384,0.0065 q:0.258293,0.692795,0.671506 0.048900 wh:361,83,86,366 p:486,388 
19848 c:3.1414,0,1 w:0.0148,0.0292,0.0053 q:0.255499,0.693269,0.671968 0.050485 wh:364,84,79,368 p:501,388 
19962 c:3.1414,0,1 w:0.0148,0.0292,0.0053 q:0.255499,0.693269,0.671968 0.050485 wh:364,84,79,368 p:501,388 
20081 c:3.1414,0,1 w:0.0327,0.0060,-0.0030 q:0.252971,0.693938,0.672298 0.049625 wh:369,81,78,372 p:494,389 
20197 c:3.1414,0,1 w:0.0214,0.0062,-0.0045 q:0.250976,0.694251,0.672848 0.047896 wh:371,75,73,378 p:489,388 
20313 c:3.1414,0,1 w:0.0214,0.0062,-0.0045 q:0.250976,0.694251,0.672848 0.047896 wh:371,75,73,378 p:489,388 
20428 c:3.1414,0,1 w:0.0055,0.0144,0.0014 q:0.250011,0.694360,0.673085 0.048022 wh:377,74,69,378 p:491,389 
20543 c:3.1414,0,1 w:-0.0041,0.0214,0.0088 q:0.248870,0.694561,0.673165 0.049887 wh:378,71,69,379 p:491,389 
20663 c:3.1414,0,1 w:0.0096,0.0004,-0.0004 q:0.248034,0.694759,0.673237 0.050314 wh:377,67,65,383 p:500,389 
20779 c:3.1414,0,1 w:0.0096,0.0004,-0.0004 q:0.248034,0.694759,0.673237 0.050314 wh:377,67,65,383 p:500,389 
20894 c:3.1414,0,1 w:0.0192,-0.0115,-0.0076 q:0.247664,0.694769,0.673456 0.049059 wh:385,66,63,388 p:504,390 
21011 c:3.1414,0,1 w:0.0033,-0.0025,-0.0028 q:0.247398,0.694730,0.673688 0.047751 wh:387,62,59,390 p:495,390 
21128 c:3.1414,0,1 w:0.0033,-0.0025,-0.0028 q:0.247398,0.694730,0.673688 0.047751 wh:387,62,59,390 p:495,390 
21249 c:3.1414,0,1 w:-0.0171,0.0123,0.0083 q:0.247592,0.694739,0.673512 0.049088 wh:383,59,60,391 p:499,390 
21364 c:3.1414,0,1 w:-0.0131,0.0066,0.0050 q:0.247872,0.694737,0.673330 0.050189 wh:387,60,55,390 p:502,390 
21480 c:3.1414,0,1 w:-0.0131,0.0066,0.0050 q:0.247872,0.694737,0.673330 0.050189 wh:387,60,55,390 p:502,390 
21596 c:3.1414,0,1 w:0.0084,-0.0154,-0.0074 q:0.248334,0.694576,0.673365 0.049646 wh:385,55,54,392 p:499,390 
21716 c:3.1414,0,1 w:0.0075,-0.0198,-0.0103 q:0.248780,0.694325,0.673559 0.048280 wh:388,56,54,397 p:505,391 
21833 c:3.1414,0,1 w:-0.0102,-0.0054,0.0011 q:0.249685,0.694118,0.673486 0.047592 wh:390,55,52,396 p:491,391 
21950 c:3.1414,0,1 w:-0.0102,-0.0054,0.0011 q:0.249685,0.694118,0.673486 0.047592 wh:390,55,52,396 p:491,391 
22067 c:3.1414,0,1 w:-0.0235,0.0045,0.0059 q:0.250815,0.694026,0.673041 0.049262 wh:386,54,50,393 p:496,391 
22182 c:3.1414,0,1 w:-0.0131,-0.0053,-0.0010 q:0.251593,0.693809,0.672924 0.049941 wh:382,52,49,388 p:497,391 
22304 c:3.1414,0,1 w:-0.0131,-0.0053,-0.0010 q:0.251593,0.693809,0.672924 0.049941 wh:382,52,49,388 p:497,391 
22422 c:3.1414,0,1 w:0.0046,-0.0213,-0.0102 q:0.252657,0.693316,0.673124 0.048718 wh:383,52,50,388 p:503,391 
22539 c:3.1414,0,1 w:-0.0017,-0.0126,-0.0011 q:0.253568,0.693126,0.673081 0.047262 wh:385,52,53,387 p:507,391 
22657 c:3.1414,0,1 w:-0.0017,-0.0126,-0.0011 q:0.253568,0.693126,0.673081 0.047262 wh:385,52,53,387 p:507,391 
22778 c:3.1414,0,1 w:-0.0139,-0.0006,0.0069 q:0.254201,0.693183,0.672754 0.047663 wh:383,50,53,389 p:492,391 
22895 c:3.1414,0,1 w:-0.0148,0.0042,0.0043 q:0.254983,0.693205,0.672323 0.049233 wh:381,53,56,386 p:495,391 
23011 c:3.1414,0,1 w:0.0043,-0.0079,-0.0083 q:0.255431,0.692821,0.672569 0.048948 wh:381,53,55,385 p:511,391 
23128 c:3.1414,0,1 w:0.0043,-0.0079,-0.0083 q:0.255431,0.692821,0.672569 0.048948 wh:381,53,55,385 p:511,391 
23244 c:3.1414,0,1 w:0.0090,-0.0145,-0.0118 q:0.255677,0.692496,0.672893 0.047804 wh:382,53,56,390 p:504,392 
23365 c:3.1414,0,1 w:-0.0061,-0.0051,0.0056 q:0.256317,0.692525,0.672666 0.047140 wh:382,54,53,386 p:518,392 
23482 c:3.1414,0,1 w:-0.0061,-0.0051,0.0056 q:0.256317,0.692525,0.672666 0.047140 wh:382,54,53,386 p:518,392 
23599 c:3.1414,0,1 w:-0.0171,0.0072,0.0089 q:0.256929,0.692826,0.672028 0.048479 wh:374,53,53,381 p:493,391 
23714 c:3.1414,0,1 w:-0.0098,0.0011,-0.0019 q:0.257341,0.692657,0.671998 0.049117 wh:377,54,51,385 p:495,391 
23831 c:3.1414,0,1 w:0.0070,-0.0146,-0.0152 q:0.257929,0.691991,0.672534 0.048072 wh:377,51,51,386 p:488,391 
23952 c:3.1414,0,1 w:0.0070,-0.0146,-0.0152 q:0.257929,0.691991,0.672534 0.048072 wh:377,51,51,386 p:488,391 
24069 c:3.1414,0,1 w:0.0012,-0.0097,0.0014 q:0.258520,0.691827,0.672566 0.046783 wh:376,51,52,384 p:493,391 
24184 c:3.1414,0,1 w:-0.0106,-0.0012,0.0102 q:0.258997,0.692049,0.672139 0.046999 wh:380,53,53,386 p:504,391 
24301 c:3.1414,0,1 w:-0.0106,-0.0012,0.0102 q:0.258997,0.692049,0.672139 0.046999 wh:380,53,53,386 p:504,391 
24422 c:3.1414,0,1 w:-0.0162,0.0046,0.0033 q:0.259826,0.692096,0.671668 0.048447 wh:378,52,54,387 p:503,390 
24538 c:3.1414,0,1 w:-0.0044,-0.0019,-0.0097 q:0.260187,0.691692,0.671925 0.048705 wh:380,56,57,387 p:499,391 
24655 c:3.1414,0,1 w:-0.0044,-0.0019,-0.0097 q:0.260187,0.691692,0.671925 0.048705 wh:380,56,57,387 p:499,391 
24773 c:3.1414,0,1 w:0.0066,-0.0160,-0.0123 q:0.260680,0.690972,0.672584 0.047178 wh:379,53,54,386 p:511,391 
24891 c:3.1414,0,1 w:-0.0023,-0.0056,0.0085 q:0.261194,0.691131,0.672277 0.046385 wh:376,53,53,383 p:506,391 
25032 c:3.1414,0,1 w:-0.0128,0.0020,0.0118 q:0.261663,0.691451,0.671721 0.047013 wh:376,54,54,385 p:492,391 
25148 c:3.1414,0,1 w:-0.0128,0.0020,0.0118 q:0.261663,0.691451,0.671721 0.047013 wh:376,54,54,385 p:492,391 
25264 c:3.1414,0,1 w:-0.0095,0.0031,-0.0036 q:0.262183,0.691325,0.671566 0.048172 wh:373,53,52,382 p:510,391 
25380 c:3.1414,0,1 w:0.0070,-0.0100,-0.0179 q:0.262544,0.690441,0.672394 0.047328 wh:376,55,52,383 p:499,391 
25501 c:3.1414,0,1 w:0.0061,-0.0129,-0.0070 q:0.262864,0.690166,0.672626 0.046247 wh:374,53,55,379 p:509,391 
25618 c:3.1414,0,1 w:0.0061,-0.0129,-0.0070 q:0.262864,0.690166,0.672626 0.046247 wh:374,53,55,379 p:509,391 
25735 c:3.1414,0,1 w:-0.0081,-0.0025,0.0131 q:0.263424,0.690573,0.671996 0.046147 wh:373,52,54,383 p:506,391 
25851 c:3.1414,0,1 w:-0.0130,0.0057,0.0037 q:0.263961,0.690824,0.671439 0.047418 wh:373,55,51,380 p:494,391 
25967 c:3.1414,0,1 w:-0.0130,0.0057,0.0037 q:0.263961,0.690824,0.671439 0.047418 wh:373,55,51,380 p:494,391 
26086 c:3.1414,0,1 w:-0.0058,-0.0007,-0.0125 q:0.264266,0.690329,0.671812 0.047651 wh:375,53,51,379 p:503,391 
26205 c:3.1414,0,1 w:0.0064,-0.0134,-0.0123 q:0.264690,0.689513,0.672560 0.046523 wh:374,52,52,383 p:501,391 
26321 c:3.1414,0,1 w:0.0064,-0.0134,-0.0123 q:0.264690,0.689513,0.672560 0.046523 wh:374,52,52,383 p:501,391 
26438 c:3.1414,0,1 w:-0.0012,-0.0088,0.0088 q:0.265129,0.689766,0.672186 0.045687 wh:371,51,54,381 p:499,391 
26555 c:3.1414,0,1 w:-0.0125,0.0028,0.0137 q:0.265475,0.690217,0.671546 0.046275 wh:376,52,54,383 p:481,391 
26675 c:3.1414,0,1 w:-0.0099,0.0060,-0.0042 q:0.265945,0.690132,0.671369 0.047393 wh:375,52,52,382 p:508,391 
26791 c:3.1414,0,1 w:-0.0099,0.0060,-0.0042 q:0.265945,0.690132,0.671369 0.047393 wh:375,52,52,382 p:508,391 
26908 c:3.1414,0,1 w:0.0036,-0.0062,-0.0176 q:0.266277,0.689109,0.672324 0.046880 wh:368,51,54,382 p:503,391 
27025 c:3.1414,0,1 w:0.0056,-0.0109,-0.0074 q:0.266509,0.688809,0.672603 0.045943 wh:371,51,53,380 p:503,391 
27154 c:3.1414,0,1 w:0.0056,-0.0109,-0.0074 q:0.266509,0.688809,0.672603 0.045943 wh:371,51,53,380 p:503,391 
27271 c:3.1414,0,1 w:-0.0035,-0.0041,0.0134 q:0.266955,0.689421,0.671822 0.045611 wh:373,53,54,380 p:503,391 
27387 c:3.1414,0,1 w:-0.0115,0.0049,0.0039 q:0.267413,0.689768,0.671209 0.046693 wh:371,51,53,380 p:501,391 
27503 c:3.1414,0,1 w:-0.0115,0.0049,0.0039 q:0.267413,0.689768,0.671209 0.046693 wh:371,51,53,380 p:501,391 
27620 c:3.1414,0,1 w:-0.0058,0.0004,-0.0125 q:0.267687,0.689280,0.671581 0.046983 wh:374,53,52,382 p:497,391 
27741 c:3.1414,0,1 w:0.0038,-0.0085,-0.0114 q:0.268061,0.688357,0.672439 0.046107 wh:372,55,53,382 p:497,391 
27857 c:3.1414,0,1 w:0.0047,-0.0105,0.0019 q:0.268353,0.688342,0.672386 0.045396 wh:377,53,53,382 p:503,391 
27973 c:3.1414,0,1 w:0.0047,-0.0105,0.0019 q:0.268353,0.688342,0.672386 0.045396 wh:377,53,53,382 p:503,391 
28089 c:3.1414,0,1 w:-0.0066,-0.0015,0.0164 q:0.268800,0.689177,0.671339 0.045577 wh:368,53,51,375 p:507,391 
28206 c:3.1414,0,1 w:-0.0096,0.0033,-0.0056 q:0.269294,0.689127,0.671130 0.046485 wh:368,52,52,375 p:494,391 
28325 c:3.1414,0,1 w:-0.0096,0.0033,-0.0056 q:0.269294,0.689127,0.671130 0.046485 wh:368,52,52,375 p:494,391 
28442 c:3.1414,0,1 w:-0.0041,-0.0018,-0.0176 q:0.269568,0.688377,0.671790 0.046468 wh:368,55,51,376 p:506,391 
28561 c:3.1414,0,1 w:0.0040,-0.0097,-0.0071 q:0.269958,0.687656,0.672440 0.045481 wh:369,52,53,376 p:492,391 
28678 c:3.1414,0,1 w:-0.0018,-0.0071,0.0146 q:0.270377,0.688348,0.671593 0.045036 wh:370,51,52,374 p:503,391 
28797 c:3.1414,0,1 w:-0.0018,-0.0071,0.0146 q:0.270377,0.688348,0.671593 0.045036 wh:370,51,52,374 p:503,391 
28915 c:3.1414,0,1 w:-0.0090,0.0005,0.0103 q:0.270733,0.688788,0.670963 0.045558 wh:369,52,55,379 p:503,391 
29031 c:3.1414,0,1 w:-0.0089,0.0028,-0.0128 q:0.271154,0.688242,0.671307 0.046228 wh:368,53,53,377 p:500,391 
29148 c:3.1414,0,1 w:-0.0089,0.0028,-0.0128 q:0.271154,0.688242,0.671307 0.046228 wh:368,53,53,377 p:500,391 
29264 c:3.1414,0,1 w:0.0020,-0.0064,-0.0140 q:0.271514,0.687070,0.672397 0.045708 wh:363,53,52,376 p:505,391 
29384 c:3.1414,0,1 w:0.0044,-0.0091,0.0028 q:0.271704,0.687117,0.672311 0.045131 wh:370,52,55,378 p:497,391 
29500 c:3.1414,0,1 w:0.0044,-0.0091,0.0028 q:0.271704,0.687117,0.672311 0.045131 wh:370,52,55,378 p:497,391 
29616 c:3.1414,0,1 w:-0.0055,-0.0047,0.0160 q:0.272235,0.688014,0.671182 0.045075 wh:367,54,54,379 p:512,391 
29733 c:3.1414,0,1 w:-0.0086,0.0028,-0.0056 q:0.272677,0.688013,0.670954 0.045798 wh:366,53,53,375 p:502,391 
29853 c:3.1414,0,1 w:-0.0067,0.0010,-0.0179 q:0.272963,0.687202,0.671657 0.045956 wh:369,54,52,378 p:499,391 
29970 c:3.1414,0,1 w:-0.0067,0.0010,-0.0179 q:0.272963,0.687202,0.671657 0.045956 wh:369,54,52,378 p:499,391 
30087 c:3.1414,0,1 w:0.0030,-0.0090,-0.0071 q:0.273280,0.686343,0.672453 0.045266 wh:367,53,52,380 p:501,392 
30203 c:3.1414,0,1 w:-0.0003,-0.0088,0.0167 q:0.273685,0.687142,0.671506 0.044761 wh:370,52,54,376 p:495,391 
30320 c:3.1414,0,1 w:-0.0003,-0.0088,0.0167 q:0.273685,0.687142,0.671506 0.044761 wh:370,52,54,376 p:495,391 
30441 c:3.1414,0,1 w:-0.0052,-0.0021,0.0106 q:0.273994,0.687661,0.670834 0.044983 wh:369,52,54,379 p:509,391 
30558 c:3.1414,0,1 w:-0.0083,0.0028,-0.0131 q:0.274460,0.687087,0.671198 0.045472 wh:364,54,53,374 p:499,392 
30674 c:3.1414,0,1 w:-0.0083,0.0028,-0.0131 q:0.274460,0.687087,0.671198 0.045472 wh:364,54,53,374 p:499,392 
30791 c:3.1414,0,1 w:0.0009,-0.0030,-0.0135 q:0.274723,0.685892,0.672330 0.045206 wh:366,53,52,372 p:499,392 
30908 c:3.1414,0,1 w:0.0036,-0.0076,0.0028 q:0.274902,0.685905,0.672274 0.044737 wh:367,55,54,372 p:501,392 
31028 c:3.1414,0,1 w:-0.0020,-0.0056,0.0166 q:0.275188,0.686944,0.671111 0.044511 wh:367,54,53,372 p:513,391 
31144 c:3.1414,0,1 w:-0.0020,-0.0056,0.0166 q:0.275188,0.686944,0.671111 0.044511 wh:367,54,53,372 p:513,391 
31261 c:3.1414,0,1 w:-0.0070,-0.0002,0.0014 q:0.275448,0.687111,0.670813 0.044800 wh:368,53,52,374 p:496,392 
31378 c:3.1414,0,1 w:-0.0070,0.0037,-0.0186 q:0.275788,0.686103,0.671679 0.045192 wh:365,54,54,372 p:507,391 
31499 c:3.1414,0,1 w:-0.0070,0.0037,-0.0186 q:0.275788,0.686103,0.671679 0.045192 wh:365,54,54,372 p:507,391 
31616 c:3.1414,0,1 w:0.0012,-0.0061,-0.0080 q:0.276065,0.685190,0.672522 0.044812 wh:364,53,53,370 p:500,391 
31732 c:3.1414,0,1 w:0.0040,-0.0094,0.0111 q:0.276247,0.685567,0.672087 0.044447 wh:366,52,52,376 p:492,391 
31848 c:3.1414,0,1 w:0.0040,-0.0094,0.0111 q:0.276546,0.686465,0.671062 0.044447 wh:366,52,52,376 p:500,391 
31964 c:3.1414,0,1 w:-0.0002,-0.0050,0.0100 q:0.276546,0.686465,0.671062 0.044224 wh:368,54,55,377 p:500,391 
32084 c:3.1414,0,1 w:-0.0078,0.0046,-0.0146 q:0.276926,0.685916,0.671442 0.044599 wh:363,53,54,370 p:496,392 
32201 c:3.1414,0,1 w:-0.0072,0.0037,-0.0158 q:0.277137,0.685075,0.672197 0.044832 wh:362,54,53,371 p:497,391 
32318 c:3.1414,0,1 w:-0.0072,0.0037,-0.0158 q:0.277137,0.685075,0.672197 0.044832 wh:362,54,53,371 p:497,391 
32435 c:3.1414,0,1 w:0.0035,-0.0077,0.0056 q:0.277431,0.684806,0.672369 0.044556 wh:364,53,52,373 p:500,392 
32550 c:3.1414,0,1 w:0.0017,-0.0097,0.0146 q:0.277815,0.685823,0.671202 0.044104 wh:362,51,52,372 p:513,391 
32670 c:3.1414,0,1 w:0.0017,-0.0097,0.0146 q:0.277815,0.685823,0.671202 0.044104 wh:362,51,52,372 p:513,391 
32786 c:3.1414,0,1 w:-0.0047,-0.0022,0.0013 q:0.278066,0.686032,0.670881 0.044147 wh:366,54,52,373 p:508,391 
32903 c:3.1414,0,1 w:-0.0104,0.0049,-0.0173 q:0.278510,0.684951,0.671768 0.044654 wh:362,53,52,371 p:499,391 
33019 c:3.1414,0,1 w:0.0011,-0.0056,-0.0018 q:0.278809,0.684124,0.672488 0.044621 wh:360,52,55,372 p:498,391 
33140 c:3.1414,0,1 w:0.0011,-0.0056,-0.0018 q:0.278809,0.684124,0.672488 0.044621 wh:360,52,55,372 p:498,391 
33256 c:3.1414,0,1 w:0.0053,-0.0086,0.0147 q:0.278962,0.684661,0.671897 0.044329 wh:363,53,52,371 p:504,391 
33372 c:3.1414,0,1 w:0.0018,-0.0071,0.0100 q:0.279275,0.685705,0.670732 0.043865 wh:358,52,52,370 p:491,391 
33487 c:3.1414,0,1 w:0.0018,-0.0071,0.0100 q:0.279275,0.685705,0.670732 0.043865 wh:358,52,52,370 p:491,391 
33603 c:3.1414,0,1 w:-0.0078,0.0052,-0.0183 q:0.279619,0.684939,0.671359 0.044047 wh:359,51,55,369 p:498,391 
33745 c:3.1414,0,1 w:-0.0095,0.0057,-0.0195 q:0.279815,0.683842,0.672372 0.044405 wh:358,53,53,372 p:507,391 
33863 c:3.1414,0,1 w:0.0004,-0.0064,0.0129 q:0.280082,0.683855,0.672238 0.044544 wh:358,52,53,368 p:489,391 
33979 c:3.1414,0,1 w:0.0004,-0.0064,0.0129 q:0.280082,0.683855,0.672238 0.044544 wh:358,52,53,368 p:489,391 
34095 c:3.1414,0,1 w:0.0047,-0.0119,0.0144 q:0.280348,0.685161,0.670839 0.043891 wh:358,55,52,367 p:504,391 
34213 c:3.1414,0,1 w:-0.0035,-0.0033,-0.0025 q:0.280591,0.685288,0.670619 0.043709 wh:357,53,55,369 p:501,391 
34331 c:3.1414,0,1 w:-0.0035,-0.0033,-0.0025 q:0.280591,0.685288,0.670619 0.043709 wh:357,53,55,369 p:501,391 
34449 c:3.1414,0,1 w:-0.0128,0.0062,-0.0207 q:0.281021,0.683966,0.671759 0.044146 wh:358,52,54,371 p:500,391 
34567 c:3.1414,0,1 w:-0.0159,-0.0045,-0.0152 q:0.281718,0.682986,0.672444 0.044452 wh:358,52,52,370 p:497,391 
34684 c:3.1414,0,1 w:-0.0159,-0.0045,-0.0152 q:0.281718,0.682986,0.672444 0.044452 wh:358,52,52,370 p:497,391 
34806 c:3.1414,0,1 w:-0.0223,-0.0342,0.0131 q:0.285315,0.682631,0.671267 0.044745 wh:363,52,52,372 p:501,391 
34923 c:3.1414,0,1 w:-0.0706,-0.0575,0.0060 q:0.290797,0.682530,0.669043 0.044303 wh:359,53,54,371 p:503,391 
35040 c:3.1414,0,1 w:-0.1767,-0.0531,-0.0410 q:0.298911,0.679326,0.668530 0.047182 wh:358,51,53,371 p:496,392 
35158 c:3.1414,0,1 w:-0.1767,-0.0531,-0.0410 q:0.298911,0.679326,0.668530 0.047182 wh:358,51,53,371 p:496,392 
35275 c:3.1414,0,1 w:-0.8757,0.3414,-0.2602 q:0.333299,0.649824,0.678631 0.078053 wh:359,54,52,372 p:502,392 
35396 c:3.1414,0,1 w:-1.2521,1.3430,1.3990 q:0.296796,0.631833,0.663828 0.268374 wh:357,53,54,368 p:506,393 
35512 c:3.1414,0,1 w:-1.2521,1.3430,1.3990 q:0.296796,0.631833,0.663828 0.268374 wh:357,53,54,368 p:506,393 
35628 c:3.1414,0,1 w:-2.8738,1.3722,1.5895 q:0.311154,0.621393,0.583162 0.420678 wh:359,51,54,360 p:518,393 
35744 c:3.1414,0,1 w:-2.8418,1.2817,0.4611 q:0.359518,0.456703,0.387551 0.715519 wh:359,53,56,360 p:514,393 
35863 c:3.1414,0,1 w:-0.5209,0.3573,0.0175 q:0.380223,0.391563,0.317627 0.775380 wh:360,52,58,352 p:524,392 
35980 c:3.1414,0,1 w:-0.5209,0.3573,0.0175 q:0.380223,0.391563,0.317627 0.775380 wh:360,52,58,352 p:524,392 
36096 c:3.1414,0,1 w:-0.1100,0.7071,0.4455 q:0.356779,0.362678,0.321493 0.798628 wh:354,55,52,330 p:514,392 
36211 c:3.1414,0,1 w:-0.5101,0.8015,1.0848 q:0.277308,0.324537,0.295662 0.854606 wh:353,55,52,320 p:484,388 
36327 c:3.1414,0,1 w:-0.5101,0.8015,1.0848 q:0.277308,0.324537,0.295662 0.854606 wh:353,55,52,320 p:484,388 
36447 c:3.1414,0,1 w:-0.0637,-0.0609,0.0415 q:0.269338,0.305731,0.269655 0.872504 wh:359,63,52,303 p:501,389 
36563 c:3.1414,0,1 w:-0.1799,0.2577,0.1642 q:0.261457,0.300816,0.265682 0.877812 wh:367,64,53,296 p:500,391 
36679 c:3.1414,0,1 w:-0.1799,0.2577,0.1642 q:0.261457,0.300816,0.265682 0.877812 wh:367,64,53,296 p:500,391 
36795 c:3.1414,0,1 w:-0.0952,0.1706,0.0358 q:0.264524,0.288201,0.264710 0.881412 wh:372,67,53,288 p:500,392 
36912 c:3.1414,0,1 w:0.3508,0.0361,0.0448 q:0.254835,0.280297,0.287625 0.879634 wh:375,64,53,273 p:518,392 
37029 c:3.1414,0,1 w:0.1092,0.3275,0.0416 q:0.245545,0.267390,0.303029 0.881122 wh:376,67,52,267 p:520,392 
37145 c:3.1414,0,1 w:0.1092,0.3275,0.0416 q:0.245545,0.267390,0.303029 0.881122 wh:376,67,52,267 p:520,392 
