
Comms Startup 
538
547 c:3.1414,0,0 w:0.0000,0.0000,0.0000 q:0.000000,0.000000,0.000000 0.000000 wh:49,47,44,47 p:535,404 
655 c:3.1414,0,0 w:0.0000,0.0000,0.0000 q:0.000000,0.000000,0.000000 0.000000 wh:49,47,44,47 p:535,404 
764 c:3.1414,0,0 w:0.0000,0.0000,0.0000 q:0.000000,0.000000,0.000000 0.000000 wh:47,46,46,45 p:532,404 
874 c:3.1414,0,0 w:0.0000,0.0000,0.0000 q:0.000000,0.000000,0.000000 0.000000 wh:47,47,47,46 p:525,404 
983 c:3.1414,0,0 w:0.0000,0.0000,0.0000 q:0.000000,0.000000,0.000000 0.000000 wh:47,47,47,46 p:525,404 
1096 c:3.1414,0,0 w:0.0000,0.0000,0.0000 q:0.000000,0.000000,0.000000 0.000000 wh:46,46,45,45 p:539,404 
1205 c:3.1414,0,0 w:0.0000,0.0000,0.0000 q:0.000000,0.000000,0.000000 0.000000 wh:46,46,45,45 p:539,404 
1315 c:3.1414,0,0 w:0.0000,0.0000,0.0000 q:0.000000,0.000000,0.000000 0.000000 wh:47,46,46,45 p:525,404 
1426 c:3.1414,0,0 w:0.0000,0.0000,0.0000 q:0.000000,0.000000,0.000000 0.000000 wh:47,46,46,45 p:527,404 
1536 c:3.1414,0,0 w:0.0000,0.0000,0.0000 q:0.000000,0.000000,0.000000 0.000000 wh:47,46,46,45 p:527,404 
1649 c:3.1414,0,0 w:0.0000,0.0000,0.0000 q:0.000000,0.000000,0.000000 0.000000 wh:47,46,45,45 p:514,404 
1759 c:3.1414,0,0 w:0.0000,0.0000,0.0000 q:0.000000,0.000000,0.000000 0.000000 wh:46,46,46,45 p:526,404 
1868 c:3.1414,0,0 w:0.0000,0.0000,0.0000 q:0.000000,0.000000,0.000000 0.000000 wh:46,46,46,45 p:526,404 
1979 c:3.1414,0,0 w:0.0000,0.0000,0.0000 q:0.000000,0.000000,0.000000 0.000000 wh:47,46,46,45 p:536,404 
2089 c:3.1414,0,0 w:0.0000,0.0000,0.0000 q:0.000000,0.000000,0.000000 0.000000 wh:47,46,46,45 p:534,404 
2203 c:3.1414,0,0 w:0.0000,0.0000,0.0000 q:0.000000,0.000000,0.000000 0.000000 wh:47,46,46,45 p:534,404 
2313 c:3.1414,0,0 w:-0.0282,-0.0042,0.0106 q:0.999873,-0.011311,-0.006887 0.008303 wh:47,47,46,47 p:514,404 
2427 c:3.1414,0,0 w:-0.0463,-0.0074,0.0016 q:0.999819,-0.014920,-0.007467 0.008610 wh:47,46,46,46 p:527,404 
2541 c:3.1414,0,0 w:0.0267,-0.0048,0.0045 q:0.999807,-0.015378,-0.008007 0.008808 wh:47,46,46,46 p:523,404 
2655 c:3.1414,0,0 w:0.0267,-0.0048,0.0045 q:0.999807,-0.015378,-0.008007 0.008808 wh:47,46,46,46 p:523,404 
2771 c:3.1414,0,0 w:0.0688,-0.0013,-0.0037 q:0.999856,-0.011626,-0.008156 0.008816 wh:47,46,46,46 p:540,404 
2885 c:3.1414,0,0 w:0.0034,-0.0097,0.0082 q:0.999880,-0.008620,-0.008728 0.008965 wh:47,46,46,45 p:541,404 
2998 c:3.1414,0,0 w:0.0034,-0.0097,0.0082 q:0.999880,-0.008620,-0.008728 0.008965 wh:47,46,46,45 p:541,404 
3111 c:3.1414,0,0 w:-0.0752,-0.0451,0.0474 q:0.999746,-0.014045,-0.012008 0.012560 wh:47,47,47,46 p:534,404 
3229 c:3.1414,0,0 w:0.1195,0.0717,0.0094 q:0.999752,-0.011755,-0.011855 0.014469 wh:46,46,46,45 p:534,404 

Comms Startup 
502
534 c:3.1414,0,0 w:0.0000,0.0000,0.0000 q:0.000000,0.000000,0.000000 0.000000 wh:49,48,46,47 p:140,321 
643 c:3.1414,0,0 w:0.0000,0.0000,0.0000 q:0.000000,0.000000,0.000000 0.000000 wh:98,97,96,95 p:402,369 
751 c:3.1414,0,0 w:0.0000,0.0000,0.0000 q:0.000000,0.000000,0.000000 0.000000 wh:124,120,120,120 p:449,382 
865 c:3.1414,0,0 w:0.0000,0.0000,0.0000 q:0.000000,0.000000,0.000000 0.000000 wh:124,120,120,120 p:449,382 
982 c:3.1414,0,0 w:0.0000,0.0000,0.0000 q:0.000000,0.000000,0.000000 0.000000 wh:138,139,136,135 p:450,382 
1094 c:3.1414,0,0 w:0.0000,0.0000,0.0000 q:0.000000,0.000000,0.000000 0.000000 wh:161,160,160,157 p:470,384 
1208 c:3.1414,0,0 w:0.0000,0.0000,0.0000 q:0.000000,0.000000,0.000000 0.000000 wh:173,170,160,157 p:482,387 
1323 c:3.1414,0,0 w:0.0000,0.0000,0.0000 q:0.000000,0.000000,0.000000 0.000000 wh:173,170,170,168 p:482,387 
1441 c:3.1414,0,0 w:0.0000,0.0000,0.0000 q:0.000000,0.000000,0.000000 0.000000 wh:184,183,180,183 p:488,389 
1554 c:3.1414,0,0 w:0.0000,0.0000,0.0000 q:0.000000,0.000000,0.000000 0.000000 wh:187,186,185,185 p:489,390 
1669 c:3.1414,0,0 w:0.0000,0.0000,0.0000 q:0.000000,0.000000,0.000000 0.000000 wh:187,186,185,185 p:489,390 
1782 c:3.1414,0,0 w:0.0000,0.0000,0.0000 q:0.000000,0.000000,0.000000 0.000000 wh:190,188,190,192 p:497,391 
1897 c:3.1414,0,0 w:0.0000,0.0000,0.0000 q:0.000000,0.000000,0.000000 0.000000 wh:199,194,192,192 p:489,392 
2015 c:3.1414,0,0 w:0.0000,0.0000,0.0000 q:0.000000,0.000000,0.000000 0.000000 wh:199,194,192,192 p:489,392 
2128 c:3.1414,0,0 w:0.0000,0.0000,0.0000 q:0.000000,0.000000,0.000000 0.000000 wh:202,196,197,199 p:499,392 
2242 c:3.1414,0,0 w:-0.0013,0.0022,-0.0023 q:0.999983,0.001377,0.003309 -0.003450 wh:203,200,197,197 p:496,393 
2360 c:3.1414,0,0 w:-0.0013,0.0022,-0.0023 q:0.999983,0.001377,0.003309 -0.003450 wh:203,200,197,197 p:496,393 
2478 c:3.1414,0,0 w:0.0025,0.0010,-0.0075 q:0.999982,0.001536,0.003393 -0.003608 wh:202,198,198,199 p:506,393 
2597 c:3.1414,0,0 w:-0.0004,0.0034,0.0058 q:0.999982,0.001554,0.003660 -0.003522 wh:203,199,202,204 p:500,393 
2713 c:3.1414,0,0 w:-0.0037,-0.0044,0.0046 q:0.999982,0.001572,0.003497 -0.003524 wh:204,201,205,202 p:500,394 
2831 c:3.1414,0,0 w:-0.0037,-0.0044,0.0046 q:0.999982,0.001572,0.003497 -0.003524 wh:204,201,205,202 p:500,394 
2949 c:3.1414,0,0 w:0.0001,0.0042,0.0014 q:0.999982,0.001637,0.003483 -0.003608 wh:201,200,200,199 p:502,394 
3067 c:3.1414,0,0 w:-0.0016,0.0057,-0.0032 q:0.999979,0.001502,0.003736 -0.004079 wh:204,199,202,202 p:503,394 
3184 c:3.1414,0,0 w:-0.0016,0.0057,-0.0032 q:0.999979,0.001502,0.003736 -0.004079 wh:204,199,202,202 p:503,394 
3301 c:3.1414,0,0 w:0.0100,0.0065,-0.0000 q:0.999976,0.001704,0.004445 -0.004090 wh:204,198,199,201 p:511,394 
3418 c:3.1414,0,0 w:0.0329,0.0078,0.0056 q:0.999971,0.003353,0.004901 -0.003844 wh:202,200,199,202 p:509,394 
3533 c:3.1414,0,0 w:0.0329,0.0078,0.0056 q:0.999971,0.003353,0.004901 -0.003844 wh:202,200,199,202 p:509,394 
3652 c:3.1414,0,0 w:0.0050,0.0016,-0.0022 q:0.999963,0.004912,0.005309 -0.003632 wh:204,198,201,200 p:512,394 
3768 c:3.1414,0,0 w:-0.0068,0.0029,0.0018 q:0.999965,0.004202,0.005516 -0.003553 wh:208,201,205,205 p:510,394 
3885 c:3.1414,0,0 w:-0.0068,0.0029,0.0018 q:0.999965,0.004202,0.005516 -0.003553 wh:208,201,205,205 p:510,394 
4000 c:3.1414,0,0 w:0.0044,-0.0013,0.0062 q:0.999964,0.004672,0.005461 -0.003456 wh:200,199,200,200 p:509,394 
4121 c:3.1414,0,0 w:-0.0056,-0.0018,-0.0025 q:0.999967,0.004328,0.005221 -0.003458 wh:202,197,203,199 p:510,394 
4239 c:3.1414,0,0 w:0.0030,-0.0022,0.0030 q:0.999967,0.004545,0.005162 -0.003149 wh:204,199,201,204 p:499,394 
4355 c:3.1414,0,0 w:0.0030,-0.0022,0.0030 q:0.999967,0.004545,0.005162 -0.003149 wh:204,199,201,204 p:499,394 
4471 c:3.1414,0,0 w:-0.0011,0.0036,0.0017 q:0.999967,0.004355,0.005331 -0.003312 wh:203,200,202,200 p:502,394 
4588 c:3.1414,0,0 w:-0.0030,0.0054,-0.0035 q:0.999965,0.004089,0.005729 -0.003550 wh:203,200,199,204 p:496,394 
4709 c:3.1414,0,0 w:-0.0030,0.0054,-0.0035 q:0.999965,0.004089,0.005729 -0.003550 wh:203,200,199,204 p:496,394 
4826 c:3.1414,0,0 w:0.0181,0.0037,-0.0000 q:0.999959,0.004865,0.005972 -0.003623 wh:203,199,201,202 p:512,394 
4942 c:3.1414,0,0 w:0.0186,0.0039,0.0015 q:0.999948,0.006534,0.006498 -0.003213 wh:203,200,202,198 p:495,394 
5057 c:3.1414,0,0 w:0.0186,0.0039,0.0015 q:0.999948,0.006534,0.006498 -0.003213 wh:203,200,202,198 p:495,394 
5173 c:3.1414,0,0 w:-0.0069,0.0031,-0.0014 q:0.999945,0.006671,0.006909 -0.003001 wh:206,202,202,205 p:509,394 
5295 c:3.1414,0,0 w:-0.0182,0.0052,-0.0009 q:0.999951,0.005182,0.007321 -0.003108 wh:202,198,199,201 p:505,394 
5410 c:3.1414,0,0 w:0.0010,0.0058,-0.0008 q:0.999950,0.004570,0.007786 -0.003230 wh:201,197,197,198 p:506,395 
5527 c:3.1414,0,0 w:0.0010,0.0058,-0.0008 q:0.999950,0.004570,0.007786 -0.003230 wh:201,197,197,198 p:506,395 
5644 c:3.1414,0,0 w:0.0192,0.0058,0.0030 q:0.999938,0.006051,0.008298 -0.003112 wh:204,201,199,200 p:515,394 
5763 c:3.1414,0,0 w:0.0059,0.0043,-0.0008 q:0.999926,0.007317,0.008763 -0.003026 wh:204,200,202,200 p:508,394 
5878 c:3.1414,0,0 w:0.0059,0.0043,-0.0008 q:0.999926,0.007317,0.008763 -0.003026 wh:204,200,202,200 p:508,394 
5995 c:3.1414,0,0 w:-0.0149,0.0034,-0.0066 q:0.999928,0.006505,0.009122 -0.003279 wh:201,198,200,200 p:509,394 
6112 c:3.1414,0,0 w:-0.0120,0.0054,-0.0025 q:0.999933,0.004970,0.009538 -0.003256 wh:203,199,199,204 p:501,394 
6230 c:3.1414,0,0 w:-0.0120,0.0054,-0.0025 q:0.999933,0.004970,0.009538 -0.003256 wh:203,199,199,204 p:501,394 
6350 c:3.1414,0,0 w:0.0158,0.0036,0.0032 q:0.999925,0.005575,0.009939 -0.003292 wh:201,199,205,203 p:506,394 
6465 c:3.1414,0,0 w:0.0235,0.0066,0.0024 q:0.999914,0.006829,0.010285 -0.003169 wh:207,203,204,200 p:503,394 
6581 c:3.1414,0,0 w:0.0235,0.0066,0.0024 q:0.999914,0.006829,0.010285 -0.003169 wh:207,203,204,200 p:503,394 
6695 c:3.1414,0,0 w:0.0028,0.0046,0.0001 q:0.999904,0.007759,0.010675 -0.003099 wh:204,201,205,201 p:503,394 
6815 c:3.1414,0,0 w:-0.0194,0.0036,-0.0011 q:0.999908,0.006573,0.011000 -0.003196 wh:203,201,204,202 p:497,394 
6932 c:3.1414,0,0 w:-0.0104,0.0379,-0.0055 q:0.999898,0.005265,0.012479 -0.003446 wh:201,198,199,202 p:502,394 
7050 c:3.1414,0,0 w:-0.0104,0.0379,-0.0055 q:0.999898,0.005265,0.012479 -0.003446 wh:201,198,199,202 p:502,394 
7166 c:3.1414,0,0 w:0.0007,0.1463,-0.0093 q:0.999725,0.005016,0.022261 -0.004469 wh:205,198,201,203 p:508,394 
7283 c:3.1414,0,0 w:0.0163,0.1993,0.0059 q:0.999199,0.005903,0.039216 -0.004465 wh:201,199,200,203 p:494,394 
7403 c:3.1414,0,0 w:0.0163,0.1993,0.0059 q:0.999199,0.005903,0.039216 -0.004465 wh:201,199,200,203 p:494,394 
7517 c:3.1414,0,0 w:0.0028,0.1999,0.0125 q:0.998375,0.007070,0.056378 -0.003187 wh:201,199,202,201 p:495,394 
7632 c:3.1414,0,0 w:-0.0308,0.1981,-0.0083 q:0.997255,0.005483,0.073721 -0.003088 wh:201,200,202,202 p:510,394 
7750 c:3.1414,0,0 w:-0.0308,0.1981,-0.0083 q:0.997255,0.005483,0.073721 -0.003088 wh:201,200,202,202 p:510,394 
7871 c:3.1414,0,0 w:-0.0239,0.1974,-0.0290 q:0.995806,0.002754,0.091271 -0.004958 wh:203,196,201,201 p:501,394 
7988 c:3.1414,0,0 w:-0.0049,0.1999,-0.0064 q:0.994630,0.002002,0.103283 -0.005520 wh:202,200,202,203 p:510,395 
8104 c:3.1414,0,0 w:0.0177,0.2012,0.0203 q:0.992643,0.003314,0.120902 -0.004679 wh:205,198,200,202 p:509,394 
8220 c:3.1414,0,0 w:0.0177,0.2012,0.0203 q:0.992643,0.003314,0.120902 -0.004679 wh:205,198,200,202 p:509,394 
8336 c:3.1414,0,0 w:-0.0043,0.1993,0.0046 q:0.990386,0.004082,0.138194 -0.003546 wh:200,198,198,201 p:505,394 
8456 c:3.1414,0,0 w:-0.0304,0.1974,-0.0243 q:0.987791,0.002003,0.155685 -0.004317 wh:203,196,200,200 p:503,394 
8572 c:3.1414,0,0 w:-0.0304,0.1974,-0.0243 q:0.987791,0.002003,0.155685 -0.004317 wh:203,196,200,200 p:503,394 
8690 c:3.1414,0,0 w:-0.0140,0.2007,-0.0199 q:0.984779,-0.000356,0.173671 -0.006285 wh:203,197,199,203 p:508,394 
8808 c:3.1414,0,0 w:0.0134,0.1989,0.0123 q:0.981461,0.000146,0.191540 -0.006189 wh:204,199,201,202 p:503,394 
8924 c:3.1414,0,0 w:0.0134,0.1989,0.0123 q:0.981461,0.000146,0.191540 -0.006189 wh:204,199,201,202 p:503,394 
9036 c:3.1414,0,0 w:0.0145,0.1998,0.0177 q:0.979124,0.001270,0.203170 -0.005351 wh:202,202,204,201 p:506,394 
9155 c:3.1414,0,0 w:-0.0130,0.1987,-0.0081 q:0.975414,0.001156,0.220309 -0.004715 wh:205,200,204,202 p:504,394 
9272 c:3.1414,0,0 w:-0.0130,0.1987,-0.0081 q:0.975414,0.001156,0.220309 -0.004715 wh:205,200,204,202 p:504,394 
9390 c:3.1414,0,0 w:-0.0269,0.1981,-0.0281 q:0.971249,-0.001511,0.237956 -0.006378 wh:202,197,202,201 p:498,394 
9512 c:3.1414,0,0 w:-0.0065,0.2001,-0.0072 q:0.966699,-0.003138,0.255765 -0.007720 wh:201,196,202,202 p:501,394 
9630 c:3.1414,0,0 w:0.0145,0.1998,0.0188 q:0.961957,-0.001909,0.273095 -0.006705 wh:202,200,198,198 p:510,394 
9746 c:3.1414,0,0 w:0.0145,0.1998,0.0188 q:0.961957,-0.001909,0.273095 -0.006705 wh:202,200,198,198 p:510,394 
9863 c:3.1414,0,0 w:0.0027,0.1978,0.0175 q:0.958675,-0.001146,0.284427 -0.005798 wh:203,199,201,198 p:512,394 
9979 c:3.1414,0,0 w:-0.0196,0.1998,-0.0225 q:0.953393,-0.002352,0.301644 -0.006166 wh:203,199,198,202 p:507,395 
10101 c:3.1414,0,0 w:-0.0196,0.1998,-0.0225 q:0.953393,-0.002352,0.301644 -0.006166 wh:203,199,198,202 p:507,395 
10220 c:3.1414,0,0 w:-0.0184,0.2006,-0.0274 q:0.947675,-0.005090,0.319075 -0.008298 wh:203,198,200,199 p:492,394 
10340 c:3.1414,0,0 w:0.0022,0.2007,0.0087 q:0.941522,-0.005600,0.336782 -0.008662 wh:202,198,199,200 p:496,394 
10458 c:3.1414,0,0 w:0.0022,0.2007,0.0087 q:0.941522,-0.005600,0.336782 -0.008662 wh:202,198,199,200 p:496,394 
10578 c:3.1414,0,0 w:0.0097,0.1987,0.0218 q:0.935307,-0.003946,0.353732 -0.007098 wh:205,201,205,201 p:508,394 
10695 c:3.1414,0,0 w:-0.0068,0.1984,-0.0023 q:0.931000,-0.003865,0.364923 -0.006884 wh:204,197,200,197 p:500,394 
10814 c:3.1414,0,0 w:-0.0248,0.1977,-0.0306 q:0.924064,-0.006479,0.382082 -0.008309 wh:202,198,198,201 p:505,394 
10934 c:3.1414,0,0 w:-0.0248,0.1977,-0.0306 q:0.924064,-0.006479,0.382082 -0.008309 wh:202,198,198,201 p:505,394 
11054 c:3.1414,0,0 w:-0.0097,0.1972,-0.0158 q:0.916806,-0.008514,0.399114 -0.009640 wh:204,201,202,202 p:519,394 
11176 c:3.1414,0,0 w:0.0067,0.1983,0.0203 q:0.909333,-0.007633,0.415891 -0.009023 wh:203,197,199,199 p:507,394 
11293 c:3.1414,0,0 w:0.0067,0.1983,0.0203 q:0.909333,-0.007633,0.415891 -0.009023 wh:203,197,199,199 p:507,394 
11411 c:3.1414,0,0 w:0.0053,0.1990,0.0204 q:0.904260,-0.006466,0.426851 -0.007875 wh:201,198,201,202 p:502,395 
11529 c:3.1414,0,0 w:-0.0181,0.1977,-0.0237 q:0.896317,-0.007499,0.443261 -0.008339 wh:203,201,201,203 p:512,394 
11652 c:3.1414,0,0 w:-0.0210,0.1990,-0.0267 q:0.887892,-0.010489,0.459809 -0.010237 wh:207,200,205,203 p:500,394 
11770 c:3.1414,0,0 w:-0.0210,0.1990,-0.0267 q:0.887892,-0.010489,0.459809 -0.010237 wh:207,200,205,203 p:500,394 
11890 c:3.1414,0,0 w:-0.0001,0.1975,0.0099 q:0.879222,-0.010994,0.476162 -0.010421 wh:206,199,201,200 p:501,394 
12009 c:3.1414,0,0 w:0.0056,0.1977,0.0250 q:0.873428,-0.009926,0.486752 -0.009476 wh:202,201,200,200 p:505,394 
12126 c:3.1414,0,0 w:0.0056,0.1977,0.0250 q:0.873428,-0.009926,0.486752 -0.009476 wh:202,201,200,200 p:505,394 
12248 c:3.1414,0,0 w:-0.0043,0.1983,0.0004 q:0.864583,-0.009194,0.502325 -0.008561 wh:200,200,198,199 p:495,394 
12364 c:3.1414,0,0 w:-0.0181,0.1960,-0.0359 q:0.855197,-0.011545,0.518066 -0.010239 wh:201,196,202,198 p:500,394 
12484 c:3.1414,0,0 w:-0.0181,0.1960,-0.0359 q:0.855197,-0.011545,0.518066 -0.010239 wh:201,196,202,198 p:500,394 
12604 c:3.1414,0,0 w:-0.0130,0.1980,-0.0116 q:0.845414,-0.013637,0.533802 -0.011705 wh:200,200,198,200 p:503,394 
12748 c:3.1414,0,0 w:-0.0048,0.1993,0.0226 q:0.838816,-0.013365,0.544134 -0.010938 wh:202,197,199,199 p:500,394 
12866 c:3.1414,0,0 w:0.0044,0.1983,0.0166 q:0.828803,-0.011794,0.559327 -0.009563 wh:200,197,200,200 p:505,394 
12984 c:3.1414,0,0 w:0.0044,0.1983,0.0166 q:0.828803,-0.011794,0.559327 -0.009563 wh:200,197,200,200 p:505,394 
13102 c:3.1414,0,0 w:-0.0117,0.1970,-0.0206 q:0.818481,-0.012542,0.574302 -0.010004 wh:200,197,197,197 p:509,394 
13221 c:3.1414,0,0 w:-0.0164,0.1963,-0.0309 q:0.807694,-0.015272,0.589276 -0.011950 wh:203,199,200,201 p:500,394 
13344 c:3.1414,0,0 w:-0.0164,0.1963,-0.0309 q:0.800372,-0.016002,0.599158 -0.012254 wh:203,199,200,201 p:509,394 
13463 c:3.1414,0,0 w:-0.0081,0.1993,-0.0045 q:0.800372,-0.016002,0.599158 -0.012254 wh:203,199,198,200 p:509,394 
13583 c:3.1414,0,0 w:0.0004,0.1992,0.0299 q:0.789224,-0.014802,0.613825 -0.010801 wh:204,196,201,199 p:495,394 
13709 c:3.1414,0,0 w:-0.0034,0.1970,-0.0028 q:0.778025,-0.014111,0.627986 -0.010173 wh:203,195,200,200 p:497,394 
13832 c:3.1414,0,0 w:-0.0034,0.1970,-0.0028 q:0.778025,-0.014111,0.627986 -0.010173 wh:203,195,200,200 p:497,394 
13950 c:3.1414,0,0 w:-0.0112,0.1972,-0.0399 q:0.766026,-0.016463,0.642478 -0.012128 wh:200,199,200,200 p:511,394 
14069 c:3.1414,0,0 w:-0.0086,0.1974,-0.0281 q:0.757869,-0.018046,0.652010 -0.013496 wh:203,197,202,199 p:509,394 
14189 c:3.1414,0,0 w:-0.0086,0.1974,-0.0281 q:0.757869,-0.018046,0.652010 -0.013496 wh:203,197,202,199 p:509,394 
14312 c:3.1414,0,0 w:-0.0063,0.1981,0.0162 q:0.745557,-0.018267,0.666053 -0.013250 wh:201,195,198,201 p:495,394 
14430 c:3.1414,0,0 w:-0.0062,0.1981,0.0146 q:0.733133,-0.017127,0.679761 -0.011793 wh:204,199,199,201 p:504,394 
14548 c:3.1414,0,0 w:-0.0031,0.1963,-0.0103 q:0.724706,-0.017461,0.688726 -0.012006 wh:201,201,200,199 p:504,394 
14668 c:3.1414,0,0 w:-0.0031,0.1963,-0.0103 q:0.724706,-0.017461,0.688726 -0.012006 wh:201,201,200,199 p:504,394 
14788 c:3.1414,0,0 w:-0.0049,0.1952,-0.0382 q:0.711645,-0.019659,0.702113 -0.014262 wh:203,198,200,199 p:511,394 
14911 c:3.1414,0,0 w:-0.0060,0.1963,-0.0014 q:0.698436,-0.020852,0.715198 -0.015348 wh:205,200,199,199 p:492,394 
15030 c:3.1414,0,0 w:-0.0060,0.1963,-0.0014 q:0.698436,-0.020852,0.715198 -0.015348 wh:205,200,199,199 p:492,394 
15149 c:3.1414,0,0 w:-0.0069,0.1972,0.0229 q:0.689513,-0.020111,0.723842 -0.014552 wh:202,197,201,202 p:511,394 
15268 c:3.1414,0,0 w:-0.0077,0.1975,0.0114 q:0.675920,-0.018936,0.736609 -0.013122 wh:201,198,198,200 p:498,394 
15389 c:3.1414,0,0 w:-0.0040,0.1970,-0.0322 q:0.662056,-0.020413,0.749033 -0.014363 wh:201,197,200,203 p:494,394 
15508 c:3.1414,0,0 w:-0.0040,0.1970,-0.0322 q:0.662056,-0.020413,0.749033 -0.014363 wh:201,197,200,203 p:494,394 
15628 c:3.1414,0,1 w:-0.0052,0.1975,-0.0151 q:0.647868,-0.022337,0.761249 -0.016080 wh:202,198,199,204 p:501,394 
15748 c:3.1414,0,1 w:-0.0092,0.1977,0.0149 q:0.638259,-0.022115,0.769339 -0.015669 wh:199,197,200,200 p:510,394 
15866 c:3.1414,0,1 w:-0.0092,0.1977,0.0149 q:0.638259,-0.022115,0.769339 -0.015669 wh:199,197,200,200 p:510,394 
15988 c:3.1414,0,1 w:-0.0094,0.1980,0.0230 q:0.623897,-0.020573,0.781105 -0.013977 wh:200,198,200,201 p:491,394 
16106 c:3.1414,0,1 w:-0.0049,0.1966,-0.0225 q:0.609261,-0.021152,0.792554 -0.014279 wh:198,197,198,200 p:506,393 
16226 c:3.1414,0,1 w:-0.0049,0.1966,-0.0225 q:0.609261,-0.021152,0.792554 -0.014279 wh:198,197,198,200 p:506,393 
16346 c:3.1414,0,1 w:-0.0014,0.1931,-0.0384 q:0.599394,-0.022922,0.799963 -0.015872 wh:202,196,197,197 p:482,391 
16468 c:3.1414,0,1 w:-0.0049,0.1784,-0.0096 q:0.585264,-0.024508,0.810283 -0.017271 wh:220,193,184,196 p:488,392 
16587 c:3.1414,0,1 w:-0.0092,0.1688,0.0236 q:0.572142,-0.023227,0.819666 -0.015920 wh:224,194,180,196 p:497,392 
16706 c:3.1414,0,1 w:-0.0092,0.1688,0.0236 q:0.572142,-0.023227,0.819666 -0.015920 wh:224,194,180,196 p:497,392 
16825 c:3.1414,0,1 w:-0.0112,0.1595,0.0021 q:0.559878,-0.022536,0.828137 -0.014467 wh:235,195,175,199 p:477,392 
16944 c:3.1414,0,1 w:-0.0004,0.1518,-0.0286 q:0.551946,-0.023594,0.833403 -0.015162 wh:250,198,167,197 p:483,391 
17067 c:3.1414,0,1 w:-0.0004,0.1518,-0.0286 q:0.551946,-0.023594,0.833403 -0.015162 wh:250,198,167,197 p:483,391 
17185 c:3.1414,0,1 w:0.0025,0.1439,-0.0266 q:0.540407,-0.025679,0.840833 -0.017102 wh:256,198,159,192 p:474,392 
17304 c:3.1414,0,1 w:-0.0025,0.1318,0.0171 q:0.529872,-0.025168,0.847528 -0.017005 wh:264,198,156,194 p:485,391 
17423 c:3.1414,0,1 w:-0.0025,0.1318,0.0171 q:0.529872,-0.025168,0.847528 -0.017005 wh:264,198,156,194 p:485,391 
17545 c:3.1414,0,1 w:-0.0114,0.1224,0.0149 q:0.520032,-0.023731,0.853674 -0.015391 wh:282,197,149,196 p:483,391 
17662 c:3.1414,0,1 w:-0.0002,0.1144,-0.0258 q:0.510745,-0.024572,0.859237 -0.015448 wh:288,198,144,194 p:499,391 
17782 c:3.1414,0,1 w:0.0018,0.1089,-0.0283 q:0.504864,-0.026086,0.862638 -0.016727 wh:305,199,131,195 p:487,391 
17900 c:3.1414,0,1 w:0.0018,0.1089,-0.0283 q:0.504864,-0.026086,0.862638 -0.016727 wh:305,199,131,195 p:487,391 
18019 c:3.1414,0,1 w:0.0054,0.0979,0.0009 q:0.496729,-0.026638,0.867306 -0.017970 wh:313,202,128,193 p:484,390 
18140 c:3.1414,0,1 w:-0.0130,0.0862,0.0311 q:0.489515,-0.025255,0.871465 -0.016649 wh:323,202,127,192 p:485,390 
18257 c:3.1414,0,1 w:-0.0130,0.0862,0.0311 q:0.489515,-0.025255,0.871465 -0.016649 wh:323,202,127,192 p:485,390 
18376 c:3.1414,0,1 w:-0.0106,0.0813,0.0056 q:0.482904,-0.024261,0.875198 -0.015296 wh:339,201,119,196 p:483,390 
18495 c:3.1414,0,1 w:-0.0011,0.0744,-0.0278 q:0.478779,-0.025330,0.877422 -0.015824 wh:346,200,113,194 p:490,390 
18618 c:3.1414,0,1 w:-0.0011,0.0744,-0.0278 q:0.478779,-0.025330,0.877422 -0.015824 wh:346,200,113,194 p:490,390 
18737 c:3.1414,0,1 w:0.0068,0.0660,-0.0214 q:0.473032,-0.027180,0.880440 -0.017861 wh:349,198,113,191 p:485,391 
18855 c:3.1414,0,1 w:0.0025,0.0576,0.0130 q:0.468185,-0.026619,0.883033 -0.018400 wh:365,199,105,195 p:490,391 
18973 c:3.1414,0,1 w:-0.0094,0.0510,0.0250 q:0.463931,-0.024598,0.885366 -0.016762 wh:370,198,99,195 p:495,391 
19091 c:3.1414,0,1 w:-0.0094,0.0510,0.0250 q:0.463931,-0.024598,0.885366 -0.016762 wh:370,198,99,195 p:495,391 
19212 c:3.1414,0,1 w:-0.0027,0.0448,-0.0124 q:0.460060,-0.024958,0.887383 -0.016263 wh:375,200,99,193 p:491,391 
19330 c:3.1414,0,1 w:0.0021,0.0401,-0.0303 q:0.457795,-0.026403,0.888497 -0.017077 wh:386,204,92,190 p:482,392 
19447 c:3.1414,0,1 w:0.0021,0.0401,-0.0303 q:0.457795,-0.026403,0.888497 -0.017077 wh:386,204,92,190 p:482,392 
19564 c:3.1414,0,1 w:0.0097,0.0367,-0.0040 q:0.454710,-0.027256,0.890025 -0.018535 wh:393,202,85,189 p:489,392 
19686 c:3.1414,0,1 w:-0.0022,0.0294,0.0273 q:0.452212,-0.025327,0.891369 -0.017744 wh:397,201,84,191 p:493,392 
19803 c:3.1414,0,1 w:-0.0022,0.0294,0.0273 q:0.452212,-0.025327,0.891369 -0.017744 wh:397,201,84,191 p:493,392 
19919 c:3.1414,0,1 w:-0.0111,0.0254,0.0085 q:0.450039,-0.024008,0.892534 -0.016212 wh:407,202,79,192 p:486,392 
20038 c:3.1414,0,1 w:-0.0028,0.0231,-0.0231 q:0.448705,-0.025055,0.893173 -0.016375 wh:407,204,77,191 p:492,392 
20156 c:3.1414,0,1 w:0.0070,0.0178,-0.0205 q:0.447026,-0.027126,0.893927 -0.017810 wh:412,203,71,191 p:494,392 
20277 c:3.1414,0,1 w:0.0070,0.0178,-0.0205 q:0.447026,-0.027126,0.893927 -0.017810 wh:412,203,71,191 p:494,392 
20393 c:3.1414,0,1 w:0.0064,0.0141,0.0186 q:0.445767,-0.026627,0.894555 -0.018592 wh:417,205,72,193 p:489,391 
20510 c:3.1414,0,1 w:-0.0037,0.0123,0.0233 q:0.444845,-0.024435,0.895096 -0.017620 wh:418,203,67,193 p:502,392 
20628 c:3.1414,0,1 w:-0.0037,0.0123,0.0233 q:0.444845,-0.024435,0.895096 -0.017620 wh:418,203,67,193 p:502,392 
20749 c:3.1414,0,1 w:-0.0107,0.0058,0.0050 q:0.444446,-0.023985,0.895323 -0.016753 wh:424,207,62,196 p:498,392 
20866 c:3.1414,0,1 w:0.0013,0.0051,-0.0332 q:0.443902,-0.026129,0.895520 -0.017432 wh:430,207,64,201 p:485,393 
20983 c:3.1414,0,1 w:0.0013,0.0051,-0.0332 q:0.443902,-0.026129,0.895520 -0.017432 wh:430,207,64,201 p:485,393 
21100 c:3.1414,0,1 w:0.0086,0.0034,-0.0067 q:0.443470,-0.027397,0.895670 -0.018706 wh:424,203,60,198 p:488,393 
21218 c:3.1414,0,1 w:0.0091,0.0029,0.0291 q:0.443143,-0.025362,0.895890 -0.018810 wh:423,205,57,197 p:492,393 
21338 c:3.1414,0,1 w:-0.0056,-0.0009,0.0261 q:0.443214,-0.023922,0.895913 -0.017918 wh:424,203,54,193 p:490,393 
21455 c:3.1414,0,1 w:-0.0056,-0.0009,0.0261 q:0.443214,-0.023922,0.895913 -0.017918 wh:424,203,54,193 p:490,393 
21574 c:3.1414,0,1 w:-0.0074,-0.0019,-0.0165 q:0.443297,-0.024359,0.895873 -0.017254 wh:428,202,52,193 p:491,393 
21694 c:3.1414,0,1 w:0.0035,-0.0024,-0.0242 q:0.443517,-0.026740,0.895672 -0.018468 wh:430,206,52,194 p:510,393 
21816 c:3.1414,0,1 w:0.0035,-0.0024,-0.0242 q:0.443517,-0.026740,0.895672 -0.018468 wh:430,206,52,194 p:510,393 
21934 c:3.1414,0,1 w:0.0146,-0.0045,0.0130 q:0.443843,-0.026246,0.895503 -0.019507 wh:429,203,50,193 p:500,394 
22051 c:3.1414,0,1 w:0.0057,-0.0033,0.0313 q:0.444119,-0.024469,0.895422 -0.019233 wh:426,202,49,188 p:493,394 
22169 c:3.1414,0,1 w:0.0057,-0.0033,0.0313 q:0.444119,-0.024469,0.895422 -0.019233 wh:426,202,49,188 p:493,394 
22286 c:3.1414,0,1 w:-0.0078,-0.0029,0.0046 q:0.444436,-0.023047,0.895325 -0.018131 wh:429,204,51,193 p:497,393 
22409 c:3.1414,0,1 w:-0.0051,-0.0015,-0.0258 q:0.444490,-0.025189,0.895238 -0.018309 wh:424,202,52,191 p:505,394 
22528 c:3.1414,0,1 w:0.0122,0.0032,-0.0092 q:0.444314,-0.026576,0.895255 -0.019720 wh:427,201,54,191 p:502,394 
22644 c:3.1414,0,1 w:0.0122,0.0032,-0.0092 q:0.444314,-0.026576,0.895255 -0.019720 wh:427,201,54,191 p:502,394 
22762 c:3.1414,0,1 w:0.0146,0.0019,0.0175 q:0.444275,-0.025663,0.895290 -0.020201 wh:428,200,55,190 p:509,394 
22882 c:3.1414,0,1 w:-0.0017,0.0005,0.0259 q:0.444227,-0.023142,0.895398 -0.019488 wh:424,200,55,192 p:501,394 
22999 c:3.1414,0,1 w:-0.0017,0.0005,0.0259 q:0.444227,-0.023142,0.895398 -0.019488 wh:424,200,55,192 p:501,394 
23116 c:3.1414,0,1 w:-0.0124,-0.0013,-0.0170 q:0.444252,-0.023655,0.895389 -0.018691 wh:429,198,55,197 p:506,394 
23236 c:3.1414,0,1 w:-0.0033,0.0007,-0.0232 q:0.444056,-0.026189,0.895407 -0.019147 wh:428,200,53,196 p:498,393 
23355 c:3.1414,0,1 w:-0.0033,0.0007,-0.0232 q:0.444056,-0.026189,0.895407 -0.019147 wh:428,200,53,196 p:498,393 
23477 c:3.1414,0,1 w:0.0117,-0.0001,0.0009 q:0.444037,-0.026348,0.895397 -0.019788 wh:425,200,54,195 p:493,393 
23593 c:3.1414,0,1 w:0.0141,-0.0006,0.0259 q:0.444122,-0.024333,0.895398 -0.020411 wh:425,194,52,194 p:509,393 
23710 c:3.1414,0,1 w:-0.0057,-0.0030,0.0102 q:0.444300,-0.022699,0.895371 -0.019606 wh:422,195,53,193 p:492,393 
23829 c:3.1414,0,1 w:-0.0057,-0.0030,0.0102 q:0.444300,-0.022699,0.895371 -0.019606 wh:422,195,53,193 p:492,393 
23952 c:3.1414,0,1 w:-0.0100,-0.0030,-0.0255 q:0.444475,-0.024571,0.895240 -0.019345 wh:427,198,53,197 p:502,393 
24070 c:3.1414,0,1 w:0.0035,0.0003,-0.0219 q:0.444511,-0.025932,0.895169 -0.020006 wh:425,198,52,196 p:496,393 
24187 c:3.1414,0,1 w:0.0035,0.0003,-0.0219 q:0.444511,-0.025932,0.895169 -0.020006 wh:425,198,52,196 p:496,393 
24305 c:3.1414,0,1 w:0.0164,0.0008,0.0175 q:0.444648,-0.025201,0.895103 -0.020849 wh:424,199,53,193 p:488,393 
24422 c:3.1414,0,1 w:0.0030,-0.0019,0.0252 q:0.444808,-0.022624,0.895098 -0.020592 wh:423,197,52,193 p:507,393 
24543 c:3.1414,0,1 w:0.0030,-0.0019,0.0252 q:0.444808,-0.022624,0.895098 -0.020592 wh:423,197,52,193 p:507,393 
24659 c:3.1414,0,1 w:-0.0126,-0.0004,-0.0153 q:0.444940,-0.023066,0.895040 -0.019768 wh:428,202,54,194 p:499,394 
24779 c:3.1414,0,1 w:-0.0138,-0.0018,-0.0260 q:0.444965,-0.024820,0.894985 -0.019579 wh:426,198,54,192 p:503,394 
24898 c:3.1414,0,1 w:-0.0138,-0.0018,-0.0260 q:0.444999,-0.025775,0.894931 -0.020035 wh:424,197,53,193 p:493,394 
25042 c:3.1414,0,1 w:0.0077,-0.0018,0.0010 q:0.444999,-0.025775,0.894931 -0.020035 wh:424,197,53,193 p:493,394 
25159 c:3.1414,0,1 w:0.0166,-0.0012,0.0270 q:0.445117,-0.023361,0.894924 -0.020667 wh:428,199,53,193 p:493,393 
25277 c:3.1414,0,1 w:-0.0010,-0.0018,0.0070 q:0.445327,-0.021839,0.894866 -0.020297 wh:422,194,53,195 p:506,393 
25396 c:3.1414,0,1 w:-0.0010,-0.0018,0.0070 q:0.445327,-0.021839,0.894866 -0.020297 wh:422,194,53,195 p:506,393 
25515 c:3.1414,0,1 w:-0.0146,0.0000,-0.0179 q:0.445384,-0.022949,0.894817 -0.019991 wh:422,196,53,197 p:490,393 
25636 c:3.1414,0,1 w:-0.0054,-0.0006,-0.0206 q:0.445451,-0.025493,0.894713 -0.020099 wh:425,199,53,195 p:501,393 
25755 c:3.1414,0,1 w:0.0204,-0.0012,0.0157 q:0.445531,-0.024673,0.894675 -0.021019 wh:426,197,52,197 p:504,393 
25873 c:3.1414,0,1 w:0.0204,-0.0012,0.0157 q:0.445531,-0.024673,0.894675 -0.021019 wh:426,197,52,197 p:504,393 
25991 c:3.1414,0,1 w:0.0094,-0.0015,0.0201 q:0.445694,-0.022084,0.894648 -0.021579 wh:429,203,55,198 p:491,393 
26112 c:3.1414,0,1 w:-0.0109,-0.0029,0.0009 q:0.445854,-0.021877,0.894587 -0.021028 wh:427,199,53,196 p:504,393 
26229 c:3.1414,0,1 w:-0.0109,-0.0029,0.0009 q:0.445854,-0.021877,0.894587 -0.021028 wh:427,199,53,196 p:504,393 
26347 c:3.1414,0,1 w:-0.0202,-0.0041,-0.0257 q:0.446145,-0.024459,0.894393 -0.020219 wh:426,202,53,197 p:490,393 
26467 c:3.1414,0,1 w:0.0099,-0.0024,-0.0009 q:0.446339,-0.025613,0.894254 -0.020656 wh:425,202,55,194 p:501,393 
26586 c:3.1414,0,1 w:0.0099,-0.0024,-0.0009 q:0.446339,-0.025613,0.894254 -0.020656 wh:425,202,55,194 p:501,393 
26707 c:3.1414,0,1 w:0.0193,-0.0010,0.0240 q:0.446420,-0.024218,0.894238 -0.021285 wh:423,204,52,194 p:506,393 
26825 c:3.1414,0,1 w:0.0126,-0.0022,0.0171 q:0.446649,-0.021777,0.894174 -0.021774 wh:423,203,54,193 p:494,393 
26942 c:3.1414,0,1 w:-0.0190,-0.0026,-0.0196 q:0.446789,-0.022853,0.894089 -0.021317 wh:424,204,55,196 p:501,394 
27062 c:3.1414,0,1 w:-0.0190,-0.0026,-0.0196 q:0.446789,-0.022853,0.894089 -0.021317 wh:424,204,55,196 p:501,394 
27194 c:3.1414,0,1 w:-0.0081,-0.0035,-0.0167 q:0.446942,-0.025357,0.893952 -0.021000 wh:424,200,53,193 p:496,394 
27312 c:3.1414,0,1 w:0.0166,-0.0022,0.0076 q:0.447071,-0.025059,0.893884 -0.021519 wh:421,198,53,192 p:506,394 
27429 c:3.1414,0,1 w:0.0166,-0.0022,0.0076 q:0.447071,-0.025059,0.893884 -0.021519 wh:421,198,53,192 p:506,394 
27547 c:3.1414,0,1 w:0.0213,-0.0032,0.0214 q:0.447221,-0.022590,0.893847 -0.022643 wh:424,202,54,196 p:494,394 
27665 c:3.1414,0,1 w:-0.0072,-0.0029,-0.0014 q:0.447455,-0.021764,0.893752 -0.022556 wh:422,196,52,192 p:509,394 
27788 c:3.1414,0,1 w:-0.0072,-0.0029,-0.0014 q:0.447455,-0.021764,0.893752 -0.022556 wh:422,196,52,192 p:509,394 
27907 c:3.1414,0,1 w:-0.0249,-0.0024,-0.0205 q:0.447608,-0.024229,0.893640 -0.021407 wh:420,198,54,196 p:500,394 
28026 c:3.1414,0,1 w:-0.0066,-0.0007,-0.0077 q:0.447634,-0.025292,0.893606 -0.021048 wh:421,200,52,197 p:509,393 
28146 c:3.1414,0,1 w:0.0224,-0.0013,0.0203 q:0.447785,-0.023775,0.893558 -0.021663 wh:424,194,54,198 p:492,393 
28267 c:3.1414,0,1 w:0.0224,-0.0013,0.0203 q:0.447785,-0.023775,0.893558 -0.021663 wh:424,194,54,198 p:492,393 
28384 c:3.1414,0,1 w:0.0146,-0.0024,0.0090 q:0.447981,-0.021611,0.893484 -0.022902 wh:420,195,55,199 p:507,393 
28502 c:3.1414,0,1 w:-0.0199,-0.0022,-0.0128 q:0.448124,-0.022527,0.893402 -0.022385 wh:425,196,53,197 p:489,393 
28620 c:3.1414,0,1 w:-0.0199,-0.0022,-0.0128 q:0.448124,-0.022527,0.893402 -0.022385 wh:425,196,53,197 p:489,393 
28740 c:3.1414,0,1 w:-0.0216,-0.0007,-0.0185 q:0.448162,-0.024193,0.893359 -0.021598 wh:420,199,52,195 p:500,393 
28864 c:3.1414,0,1 w:0.0138,0.0000,0.0072 q:0.448215,-0.024209,0.893329 -0.021707 wh:420,199,52,197 p:492,393 
28979 c:3.1414,0,1 w:0.0138,0.0000,0.0072 q:0.448215,-0.024209,0.893329 -0.021707 wh:420,199,52,197 p:492,393 
29095 c:3.1414,0,1 w:0.0227,-0.0022,0.0197 q:0.448376,-0.021889,0.893280 -0.022850 wh:421,198,53,196 p:487,393 
29213 c:3.1414,0,1 w:-0.0027,-0.0018,-0.0083 q:0.448666,-0.021329,0.893135 -0.023364 wh:419,203,54,192 p:492,393 
29336 c:3.1414,0,1 w:-0.0217,-0.0045,-0.0138 q:0.448864,-0.022640,0.893019 -0.022717 wh:420,206,52,195 p:495,393 
29455 c:3.1414,0,1 w:-0.0217,-0.0045,-0.0138 q:0.448864,-0.022640,0.893019 -0.022717 wh:420,206,52,195 p:495,393 
29575 c:3.1414,0,1 w:-0.0098,-0.0018,-0.0049 q:0.449045,-0.024286,0.892913 -0.021597 wh:422,206,53,193 p:499,393 
29693 c:3.1414,0,1 w:0.0244,-0.0010,0.0178 q:0.449261,-0.022796,0.892826 -0.022301 wh:417,200,54,190 p:492,393 
29811 c:3.1414,0,1 w:0.0244,-0.0010,0.0178 q:0.449261,-0.022796,0.892826 -0.022301 wh:417,200,54,190 p:492,393 
29933 c:3.1414,0,1 w:0.0186,-0.0033,0.0076 q:0.449492,-0.020728,0.892727 -0.023594 wh:420,204,52,195 p:501,393 
30049 c:3.1414,0,1 w:-0.0071,-0.0035,-0.0109 q:0.449641,-0.021028,0.892641 -0.023763 wh:416,202,53,192 p:487,393 
30169 c:3.1414,0,1 w:-0.0071,-0.0035,-0.0109 q:0.449641,-0.021028,0.892641 -0.023763 wh:416,202,53,192 p:487,393 
30288 c:3.1414,0,1 w:-0.0230,-0.0026,-0.0121 q:0.449803,-0.023138,0.892540 -0.022499 wh:419,200,52,195 p:496,393 
30412 c:3.1414,0,1 w:0.0100,-0.0021,0.0082 q:0.449863,-0.023208,0.892513 -0.022287 wh:422,200,54,196 p:503,393 
30528 c:3.1414,0,1 w:0.0254,-0.0016,0.0125 q:0.450062,-0.020979,0.892431 -0.023717 wh:416,199,54,193 p:503,393 
30646 c:3.1414,0,1 w:0.0254,-0.0016,0.0125 q:0.450062,-0.020979,0.892431 -0.023717 wh:416,199,54,193 p:503,393 
30764 c:3.1414,0,1 w:0.0102,-0.0029,0.0004 q:0.450221,-0.020285,0.892347 -0.024459 wh:417,195,54,198 p:500,393 
30881 c:3.1414,0,1 w:-0.0233,-0.0029,-0.0154 q:0.450463,-0.021819,0.892206 -0.023810 wh:419,196,52,198 p:508,393 
31004 c:3.1414,0,1 w:-0.0233,-0.0029,-0.0154 q:0.450463,-0.021819,0.892206 -0.023810 wh:419,196,52,198 p:508,393 
31123 c:3.1414,0,1 w:-0.0097,-0.0019,-0.0015 q:0.450640,-0.023155,0.892114 -0.022626 wh:420,197,54,198 p:487,393 
31243 c:3.1414,0,1 w:0.0267,0.0003,0.0128 q:0.450732,-0.021685,0.892084 -0.023390 wh:416,195,55,193 p:504,393 
31358 c:3.1414,0,1 w:0.0267,0.0003,0.0128 q:0.450732,-0.021685,0.892084 -0.023390 wh:416,195,55,193 p:504,393 
31479 c:3.1414,0,1 w:0.0247,-0.0019,0.0107 q:0.450856,-0.020321,0.892025 -0.024456 wh:415,194,52,195 p:496,393 
31596 c:3.1414,0,1 w:-0.0030,-0.0029,-0.0078 q:0.451130,-0.020344,0.891865 -0.025211 wh:414,196,52,194 p:507,393 
31715 c:3.1414,0,1 w:-0.0237,-0.0032,-0.0096 q:0.451308,-0.022221,0.891766 -0.023903 wh:416,200,54,193 p:504,393 
31835 c:3.1414,0,1 w:-0.0237,-0.0032,-0.0096 q:0.451308,-0.022221,0.891766 -0.023903 wh:416,200,54,193 p:504,393 
31954 c:3.1414,0,1 w:-0.0085,-0.0013,0.0010 q:0.451379,-0.022719,0.891737 -0.023199 wh:416,202,51,196 p:499,393 
32099 c:3.1414,0,1 w:0.0280,0.0003,0.0154 q:0.451500,-0.021127,0.891689 -0.024157 wh:415,200,53,194 p:496,393 
32217 c:3.1414,0,1 w:0.0155,-0.0012,-0.0026 q:0.451613,-0.019803,0.891612 -0.025960 wh:413,200,51,194 p:506,393 
32336 c:3.1414,0,1 w:0.0155,-0.0012,-0.0026 q:0.451613,-0.019803,0.891612 -0.025960 wh:413,200,51,194 p:506,393 
32456 c:3.1414,0,1 w:-0.0210,-0.0019,-0.0093 q:0.451717,-0.020890,0.891548 -0.025486 wh:412,197,54,194 p:501,393 
32581 c:3.1414,0,1 w:-0.0243,-0.0001,-0.0014 q:0.451736,-0.021896,0.891551 -0.024144 wh:413,196,52,196 p:500,394 
32702 c:3.1414,0,1 w:-0.0243,-0.0001,-0.0014 q:0.451736,-0.021896,0.891551 -0.024144 wh:413,196,52,196 p:500,394 
32823 c:3.1414,0,1 w:0.0114,-0.0003,0.0133 q:0.451762,-0.021164,0.891571 -0.023571 wh:419,198,54,198 p:502,393 
32942 c:3.1414,0,1 w:0.0277,-0.0033,0.0018 q:0.451936,-0.019541,0.891467 -0.025486 wh:416,197,52,200 p:499,393 
33060 c:3.1414,0,1 w:0.0277,-0.0033,0.0018 q:0.451936,-0.019541,0.891467 -0.025486 wh:416,197,52,200 p:499,393 
33183 c:3.1414,0,1 w:-0.0042,-0.0029,-0.0095 q:0.452013,-0.019455,0.891402 -0.026459 wh:415,197,54,199 p:492,394 
33304 c:3.1414,0,1 w:-0.0240,-0.0018,-0.0061 q:0.452059,-0.020486,0.891380 -0.025630 wh:418,196,52,196 p:492,393 
33425 c:3.1414,0,1 w:-0.0092,-0.0027,0.0039 q:0.452160,-0.021095,0.891361 -0.023937 wh:418,198,53,194 p:489,393 
33545 c:3.1414,0,1 w:-0.0092,-0.0027,0.0039 q:0.452160,-0.021095,0.891361 -0.023937 wh:418,198,53,194 p:489,393 
33669 c:3.1414,0,1 w:0.0259,0.0013,0.0065 q:0.452181,-0.019760,0.891355 -0.024905 wh:413,196,53,196 p:486,393 
33786 c:3.1414,0,1 w:0.0169,-0.0022,-0.0028 q:0.452254,-0.018548,0.891294 -0.026634 wh:414,199,55,195 p:491,393 
33906 c:3.1414,0,1 w:0.0169,-0.0022,-0.0028 q:0.452254,-0.018548,0.891294 -0.026634 wh:414,199,55,195 p:491,393 
34027 c:3.1414,0,1 w:-0.0066,-0.0035,-0.0133 q:0.452445,-0.019195,0.891172 -0.027006 wh:415,201,55,193 p:502,393 
34148 c:3.1414,0,1 w:-0.0249,-0.0033,0.0032 q:0.452690,-0.020623,0.891068 -0.025224 wh:416,202,52,195 p:506,393 
34272 c:3.1414,0,1 w:0.0071,0.0026,0.0157 q:0.452707,-0.019832,0.891109 -0.024074 wh:415,201,53,194 p:416,377 
34390 c:3.1414,0,1 w:0.0071,0.0026,0.0157 q:0.452707,-0.019832,0.891109 -0.024074 wh:415,201,53,194 p:416,377 
34507 c:3.1414,0,1 w:0.0300,0.0422,0.0059 q:0.450497,-0.017835,0.892223 -0.025762 wh:416,206,94,199 p:434,381 
34625 c:3.1414,0,1 w:0.0131,0.0637,-0.0107 q:0.447331,-0.017379,0.893790 -0.026895 wh:397,196,128,196 p:491,391 
34749 c:3.1414,0,1 w:0.0131,0.0637,-0.0107 q:0.447331,-0.017379,0.893790 -0.026895 wh:397,196,128,196 p:491,391 
34869 c:3.1414,0,1 w:-0.0278,0.0756,-0.0307 q:0.441292,-0.019902,0.896734 -0.026924 wh:386,191,153,194 p:500,393 
34991 c:3.1414,0,1 w:-0.0204,0.0877,0.0036 q:0.434199,-0.021737,0.900196 -0.025251 wh:369,181,168,194 p:508,393 
35110 c:3.1414,0,1 w:0.0181,0.0972,0.0250 q:0.426446,-0.019576,0.903953 -0.024932 wh:358,181,173,190 p:499,392 
35229 c:3.1414,0,1 w:0.0181,0.0972,0.0250 q:0.426446,-0.019576,0.903953 -0.024932 wh:358,181,173,190 p:499,392 
35352 c:3.1414,0,1 w:0.0244,0.1016,0.0006 q:0.418247,-0.017171,0.907768 -0.026891 wh:342,181,176,195 p:496,391 
35471 c:3.1414,0,1 w:-0.0014,0.1034,-0.0214 q:0.412542,-0.017595,0.910345 -0.027618 wh:334,188,174,195 p:495,393 
35592 c:3.1414,0,1 w:-0.0014,0.1034,-0.0214 q:0.412542,-0.017595,0.910345 -0.027618 wh:334,188,174,195 p:495,393 
35713 c:3.1414,0,1 w:-0.0366,0.1056,-0.0263 q:0.403445,-0.020894,0.914377 -0.026488 wh:329,194,170,195 p:514,393 
35837 c:3.1414,0,1 w:-0.0107,0.1126,0.0128 q:0.393964,-0.021503,0.918533 -0.024883 wh:313,196,160,199 p:502,394 
35958 c:3.1414,0,1 w:0.0273,0.1143,0.0291 q:0.384385,-0.018346,0.922629 -0.025677 wh:302,196,154,198 p:501,394 
36077 c:3.1414,0,1 w:0.0273,0.1143,0.0291 q:0.384385,-0.018346,0.922629 -0.025677 wh:302,196,154,198 p:501,394 
36196 c:3.1414,0,1 w:0.0227,0.1143,0.0004 q:0.378072,-0.017141,0.925221 -0.026926 wh:295,195,151,201 p:519,394 
36315 c:3.1414,0,1 w:-0.0225,0.1137,-0.0413 q:0.368213,-0.019710,0.929117 -0.027646 wh:284,199,146,201 p:505,394 
36440 c:3.1414,0,1 w:-0.0225,0.1137,-0.0413 q:0.368213,-0.019710,0.929117 -0.027646 wh:284,199,146,201 p:505,394 
36560 c:3.1414,0,1 w:-0.0312,0.1172,-0.0067 q:0.357940,-0.022285,0.933121 -0.025667 wh:275,197,140,199 p:499,393 
36681 c:3.1414,0,1 w:0.0036,0.1086,0.0339 q:0.348143,-0.020436,0.936894 -0.024511 wh:281,195,131,199 p:449,385 
36800 c:3.1414,0,1 w:0.0036,0.1086,0.0339 q:0.348143,-0.020436,0.936894 -0.024511 wh:281,195,131,199 p:449,385 
36923 c:3.1414,0,1 w:0.0273,0.0901,0.0127 q:0.340141,-0.017250,0.939851 -0.026045 wh:298,199,126,202 p:485,388 
37042 c:3.1414,0,1 w:0.0056,0.0807,-0.0234 q:0.335422,-0.017678,0.941507 -0.027111 wh:312,193,120,197 p:485,391 
37161 c:3.1414,0,1 w:-0.0285,0.0709,-0.0384 q:0.328815,-0.021877,0.943748 -0.027077 wh:330,191,117,195 p:487,391 
37282 c:3.1414,0,1 w:-0.0285,0.0709,-0.0384 q:0.328815,-0.021877,0.943748 -0.027077 wh:330,191,117,195 p:487,391 
37404 c:3.1414,0,1 w:-0.0114,0.0682,0.0215 q:0.322715,-0.022614,0.945878 -0.025488 wh:335,193,115,197 p:494,390 
37549 c:3.1414,0,1 w:0.0253,0.0590,0.0372 q:0.317464,-0.018885,0.947737 -0.025405 wh:343,195,110,194 p:487,390 
37667 c:3.1414,0,1 w:0.0239,0.0536,0.0069 q:0.314370,-0.017217,0.948766 -0.026623 wh:352,193,100,189 p:485,391 
37786 c:3.1414,0,1 w:0.0239,0.0536,0.0069 q:0.314370,-0.017217,0.948766 -0.026623 wh:352,193,100,189 p:485,391 
37905 c:3.1414,0,1 w:-0.0052,0.0459,-0.0489 q:0.310100,-0.019681,0.950078 -0.028162 wh:361,192,98,194 p:489,391 
38029 c:3.1414,0,1 w:-0.0278,0.0419,-0.0113 q:0.306145,-0.023014,0.951324 -0.026830 wh:361,192,94,190 p:502,390 
38149 c:3.1414,0,1 w:-0.0278,0.0419,-0.0113 q:0.306145,-0.023014,0.951324 -0.026830 wh:361,192,94,190 p:502,390 
38269 c:3.1414,0,1 w:0.0051,0.0372,0.0424 q:0.302727,-0.020927,0.952504 -0.025421 wh:373,195,89,194 p:481,389 
38387 c:3.1414,0,1 w:0.0282,0.0307,0.0186 q:0.300823,-0.018013,0.953150 -0.026034 wh:380,195,85,196 p:496,390 
38505 c:3.1414,0,1 w:0.0192,0.0278,-0.0226 q:0.298276,-0.017521,0.953892 -0.028382 wh:386,194,80,202 p:489,391 
38628 c:3.1414,0,1 w:0.0192,0.0278,-0.0226 q:0.298276,-0.017521,0.953892 -0.028382 wh:386,194,80,202 p:489,391 
38747 c:3.1414,0,1 w:-0.0242,0.0205,-0.0400 q:0.296213,-0.021532,0.954447 -0.028575 wh:391,194,77,205 p:491,391 
38866 c:3.1414,0,1 w:-0.0167,0.0184,0.0172 q:0.294328,-0.022633,0.955055 -0.026828 wh:395,197,77,202 p:506,392 
38985 c:3.1414,0,1 w:-0.0167,0.0184,0.0172 q:0.294328,-0.022633,0.955055 -0.026828 wh:395,197,77,202 p:506,392 
39108 c:3.1414,0,1 w:0.0203,0.0181,0.0429 q:0.292830,-0.018296,0.955589 -0.027520 wh:406,196,70,208 p:508,392 
39226 c:3.1414,0,1 w:0.0285,0.0144,0.0134 q:0.292075,-0.016536,0.955814 -0.028800 wh:399,193,67,205 p:495,392 
39344 c:3.1414,0,1 w:0.0285,0.0144,0.0134 q:0.292075,-0.016536,0.955814 -0.028800 wh:399,193,67,205 p:495,392 
39462 c:3.1414,0,1 w:-0.0049,0.0084,-0.0440 q:0.291129,-0.018663,0.956014 -0.030407 wh:399,190,64,203 p:507,392 
39582 c:3.1414,0,1 w:-0.0269,0.0062,-0.0159 q:0.290403,-0.022284,0.956187 -0.029432 wh:401,190,60,203 p:505,393 
39706 c:3.1414,0,1 w:0.0016,0.0043,0.0409 q:0.290025,-0.020132,0.956402 -0.027688 wh:403,191,58,199 p:506,392 
39824 c:3.1414,0,1 w:0.0016,0.0043,0.0409 q:0.290025,-0.020132,0.956402 -0.027688 wh:403,191,58,199 p:506,392 
39942 c:3.1414,0,1 w:0.0236,0.0055,0.0420 q:0.289825,-0.017268,0.956510 -0.027994 wh:401,188,59,198 p:494,392 
40059 c:3.1414,0,1 w:0.0422,0.0101,-0.0205 q:0.289342,-0.015974,0.956585 -0.031022 wh:405,190,55,200 p:502,392 
40182 c:3.1414,0,1 w:0.0422,0.0101,-0.0205 q:0.289342,-0.015974,0.956585 -0.031022 wh:405,190,55,200 p:502,392 
40301 c:3.1414,0,1 w:0.0100,-0.0019,-0.0295 q:0.289594,-0.018593,0.956374 -0.033624 wh:407,189,54,202 p:498,393 

Comms Startup 
506
538 c:3.1414,0,0 w:0.0000,0.0000,0.0000 q:0.000000,0.000000,0.000000 0.000000 wh:49,49,46,47 p:134,318 
648 c:3.1414,0,0 w:0.0000,0.0000,0.0000 q:0.000000,0.000000,0.000000 0.000000 wh:102,98,93,95 p:405,368 
759 c:3.1414,0,0 w:0.0000,0.0000,0.0000 q:0.000000,0.000000,0.000000 0.000000 wh:122,120,118,117 p:472,380 
877 c:3.1414,0,0 w:0.0000,0.0000,0.0000 q:0.000000,0.000000,0.000000 0.000000 wh:140,137,137,140 p:454,380 
991 c:3.1414,0,0 w:0.0000,0.0000,0.0000 q:0.000000,0.000000,0.000000 0.000000 wh:140,137,137,140 p:454,380 
1105 c:3.1414,0,0 w:0.0000,0.0000,0.0000 q:0.000000,0.000000,0.000000 0.000000 wh:163,159,162,156 p:470,382 
1221 c:3.1414,0,0 w:0.0000,0.0000,0.0000 q:0.000000,0.000000,0.000000 0.000000 wh:171,168,168,167 p:470,385 
1336 c:3.1414,0,0 w:0.0000,0.0000,0.0000 q:0.000000,0.000000,0.000000 0.000000 wh:171,168,168,167 p:470,385 
1456 c:3.1414,0,0 w:0.0000,0.0000,0.0000 q:0.000000,0.000000,0.000000 0.000000 wh:180,179,182,180 p:494,387 
1570 c:3.1414,0,0 w:0.0000,0.0000,0.0000 q:0.000000,0.000000,0.000000 0.000000 wh:185,183,183,183 p:488,388 
1686 c:3.1414,0,0 w:0.0000,0.0000,0.0000 q:0.000000,0.000000,0.000000 0.000000 wh:185,183,183,183 p:488,388 
1801 c:3.1414,0,0 w:0.0000,0.0000,0.0000 q:0.000000,0.000000,0.000000 0.000000 wh:191,187,190,187 p:488,388 
1920 c:3.1414,0,0 w:0.0000,0.0000,0.0000 q:0.000000,0.000000,0.000000 0.000000 wh:193,192,191,191 p:493,389 
2035 c:3.1414,0,0 w:0.0000,0.0000,0.0000 q:0.000000,0.000000,0.000000 0.000000 wh:193,192,191,191 p:493,389 
2151 c:3.1414,0,0 w:0.0000,0.0000,0.0000 q:0.000000,0.000000,0.000000 0.000000 wh:196,194,194,193 p:493,390 
2267 c:3.1414,0,0 w:-0.0055,-0.0055,0.0014 q:0.999974,0.004558,-0.003173 -0.003626 wh:197,193,196,195 p:491,390 
2386 c:3.1414,0,0 w:-0.0042,-0.0095,-0.0019 q:0.999971,0.004426,-0.003734 -0.003882 wh:200,195,200,196 p:506,391 
2510 c:3.1414,0,0 w:-0.0042,-0.0095,-0.0019 q:0.999971,0.004426,-0.003734 -0.003882 wh:200,195,200,196 p:506,391 
2631 c:3.1414,0,0 w:-0.0045,-0.0080,-0.0025 q:0.999967,0.003972,-0.004905 -0.004089 wh:199,199,202,198 p:501,391 
2752 c:3.1414,0,0 w:0.0052,-0.0011,0.0054 q:0.999967,0.003985,-0.005116 -0.003977 wh:205,200,201,202 p:506,392 
2871 c:3.1414,0,0 w:0.0052,-0.0011,0.0054 q:0.999967,0.003985,-0.005116 -0.003977 wh:205,200,201,202 p:506,392 
2994 c:3.1414,0,0 w:0.0062,0.0035,-0.0042 q:0.999964,0.004553,-0.005026 -0.004114 wh:201,196,198,196 p:502,392 
3112 c:3.1414,0,0 w:-0.0036,-0.0011,-0.0010 q:0.999967,0.004224,-0.004664 -0.004350 wh:204,198,200,203 p:506,392 
3233 c:3.1414,0,0 w:-0.0014,-0.0026,-0.0091 q:0.999963,0.004196,-0.004807 -0.004912 wh:204,198,199,198 p:511,392 
3354 c:3.1414,0,0 w:-0.0014,-0.0026,-0.0091 q:0.999963,0.004196,-0.004807 -0.004912 wh:204,198,199,198 p:511,392 
3475 c:3.1414,0,0 w:-0.0036,-0.0063,-0.0045 q:0.999957,0.003903,-0.005291 -0.005835 wh:202,196,200,199 p:508,392 
3600 c:3.1414,0,0 w:-0.0020,-0.0127,0.0120 q:0.999957,0.003851,-0.006290 -0.004857 wh:197,196,199,200 p:503,392 
3720 c:3.1414,0,0 w:-0.0020,-0.0127,0.0120 q:0.999957,0.003851,-0.006290 -0.004857 wh:197,196,199,200 p:503,392 
3840 c:3.1414,0,0 w:-0.0022,-0.0125,-0.0001 q:0.999953,0.003622,-0.007389 -0.004267 wh:199,198,198,199 p:500,392 
3960 c:3.1414,0,0 w:-0.0028,-0.0124,-0.0073 q:0.999945,0.003508,-0.008120 -0.004788 wh:201,195,197,199 p:508,392 
4085 c:3.1414,0,0 w:-0.0028,-0.0124,-0.0073 q:0.999930,0.003526,-0.009177 -0.004788 wh:201,195,197,199 p:503,392 
4206 c:3.1414,0,0 w:-0.0008,-0.0116,-0.0135 q:0.999930,0.003526,-0.009177 -0.005826 wh:201,195,200,199 p:503,392 
4327 c:3.1414,0,0 w:0.0038,-0.0112,0.0118 q:0.999922,0.003557,-0.010201 -0.005487 wh:202,195,198,202 p:507,392 
4446 c:3.1414,0,0 w:-0.0017,-0.0107,0.0140 q:0.999916,0.003733,-0.011169 -0.004517 wh:201,199,199,199 p:512,392 
4566 c:3.1414,0,0 w:-0.0017,-0.0107,0.0140 q:0.999916,0.003733,-0.011169 -0.004517 wh:201,199,199,199 p:512,392 
4689 c:3.1414,0,0 w:-0.0010,-0.0124,-0.0108 q:0.999904,0.003559,-0.012231 -0.004550 wh:204,202,200,202 p:510,392 
4810 c:3.1414,0,0 w:-0.0042,-0.0125,-0.0195 q:0.999890,0.003384,-0.012986 -0.005647 wh:203,198,206,203 p:511,392 
4931 c:3.1414,0,0 w:-0.0042,-0.0125,-0.0195 q:0.999890,0.003384,-0.012986 -0.005647 wh:203,198,206,203 p:511,392 
5052 c:3.1414,0,0 w:-0.0003,-0.0119,-0.0031 q:0.999869,0.003330,-0.014107 -0.006581 wh:202,200,200,203 p:496,392 
5177 c:3.1414,0,0 w:0.0039,-0.0113,0.0152 q:0.999858,0.003689,-0.015167 -0.005540 wh:200,196,199,199 p:506,393 
5296 c:3.1414,0,0 w:-0.0014,-0.0113,0.0040 q:0.999847,0.003622,-0.016290 -0.004454 wh:203,199,200,202 p:511,392 
5415 c:3.1414,0,0 w:-0.0014,-0.0113,0.0040 q:0.999847,0.003622,-0.016290 -0.004454 wh:203,199,200,202 p:511,392 
5535 c:3.1414,0,0 w:-0.0023,-0.0121,-0.0183 q:0.999825,0.003306,-0.017358 -0.005455 wh:203,198,199,203 p:499,393 
5656 c:3.1414,0,0 w:0.0055,-0.0112,-0.0123 q:0.999795,0.003497,-0.018450 -0.006993 wh:199,199,198,201 p:511,392 
5779 c:3.1414,0,0 w:0.0055,-0.0112,-0.0123 q:0.999795,0.003497,-0.018450 -0.006993 wh:199,199,198,201 p:511,392 
5899 c:3.1414,0,0 w:0.0032,-0.0110,0.0129 q:0.999785,0.003608,-0.019146 -0.006495 wh:202,197,198,198 p:511,393 
6018 c:3.1414,0,0 w:0.0027,-0.0113,0.0195 q:0.999772,0.003986,-0.020069 -0.005263 wh:203,198,198,199 p:501,392 
6136 c:3.1414,0,0 w:-0.0000,-0.0330,0.0022 q:0.999729,0.004135,-0.022225 -0.004770 wh:203,198,200,201 p:498,392 
6260 c:3.1414,0,0 w:-0.0000,-0.0330,0.0022 q:0.999729,0.004135,-0.022225 -0.004770 wh:203,198,200,201 p:498,392 
6380 c:3.1414,0,0 w:0.0009,-0.1057,-0.0077 q:0.999534,0.003987,-0.029633 -0.005354 wh:202,197,201,198 p:509,392 
6500 c:3.1414,0,0 w:0.0131,-0.1692,-0.0038 q:0.999045,0.004679,-0.042935 -0.005914 wh:199,198,197,201 p:512,392 
6620 c:3.1414,0,0 w:0.0131,-0.1692,-0.0038 q:0.999045,0.004679,-0.042935 -0.005914 wh:199,198,197,201 p:512,392 
6739 c:3.1414,0,0 w:0.0082,-0.2233,0.0082 q:0.998045,0.005896,-0.061913 -0.005517 wh:200,196,200,200 p:511,392 
6862 c:3.1414,0,0 w:-0.0069,-0.2267,0.0071 q:0.997124,0.005667,-0.075345 -0.005167 wh:201,197,200,202 p:508,392 
6982 c:3.1414,0,0 w:-0.0055,-0.2234,0.0037 q:0.995386,0.004672,-0.095675 -0.004710 wh:201,198,198,196 p:510,393 
7102 c:3.1414,0,0 w:-0.0055,-0.2234,0.0037 q:0.995386,0.004672,-0.095675 -0.004710 wh:201,198,198,196 p:510,393 
7222 c:3.1414,0,0 w:0.0207,-0.2222,0.0014 q:0.993232,0.005608,-0.115885 -0.004552 wh:200,196,199,202 p:511,392 
7345 c:3.1414,0,0 w:0.0249,-0.2241,-0.0012 q:0.990655,0.007979,-0.136057 -0.004452 wh:199,199,202,202 p:492,392 
7464 c:3.1414,0,0 w:0.0249,-0.2241,-0.0012 q:0.990655,0.007979,-0.136057 -0.004452 wh:199,199,202,202 p:492,392 
7584 c:3.1414,0,0 w:0.0048,-0.2242,0.0074 q:0.987663,0.008829,-0.156272 -0.003900 wh:201,196,200,196 p:499,393 
7703 c:3.1414,0,0 w:-0.0123,-0.2244,0.0167 q:0.985435,0.008221,-0.169798 -0.003231 wh:199,198,200,198 p:511,393 
7823 c:3.1414,0,0 w:-0.0123,-0.2244,0.0167 q:0.985435,0.008221,-0.169798 -0.003231 wh:199,198,200,198 p:511,393 
7946 c:3.1414,0,0 w:-0.0002,-0.2234,0.0056 q:0.981733,0.007378,-0.190078 -0.002657 wh:199,197,198,198 p:501,393 
8067 c:3.1414,0,0 w:0.0270,-0.2224,-0.0063 q:0.977634,0.009264,-0.210068 -0.002927 wh:198,196,200,200 p:506,392 
8186 c:3.1414,0,0 w:0.0219,-0.2242,0.0025 q:0.973063,0.011558,-0.230215 -0.002732 wh:199,198,196,198 p:512,393 
8305 c:3.1414,0,0 w:0.0219,-0.2242,0.0025 q:0.973063,0.011558,-0.230215 -0.002732 wh:199,198,196,198 p:512,393 
8427 c:3.1414,0,0 w:-0.0072,-0.2237,0.0144 q:0.968184,0.011423,-0.249954 -0.001953 wh:201,195,200,198 p:521,393 
8547 c:3.1414,0,0 w:-0.0092,-0.2231,0.0109 q:0.964657,0.010632,-0.263273 -0.001489 wh:199,198,200,198 p:518,393 
8667 c:3.1414,0,0 w:-0.0092,-0.2231,0.0109 q:0.964657,0.010632,-0.263273 -0.001489 wh:199,198,200,198 p:518,393 
8786 c:3.1414,0,0 w:0.0136,-0.2228,0.0008 q:0.959104,0.010864,-0.282829 -0.001177 wh:201,195,196,201 p:506,393 
8906 c:3.1414,0,0 w:0.0267,-0.2228,-0.0039 q:0.953097,0.013109,-0.302365 -0.001155 wh:204,198,201,202 p:505,393 
9029 c:3.1414,0,0 w:0.0137,-0.2236,0.0068 q:0.946614,0.014742,-0.322019 -0.000744 wh:203,202,203,205 p:503,393 
9148 c:3.1414,0,0 w:0.0137,-0.2236,0.0068 q:0.946614,0.014742,-0.322019 -0.000744 wh:203,202,203,205 p:503,393 
9267 c:3.1414,0,0 w:-0.0124,-0.2247,0.0187 q:0.939794,0.013577,-0.341458 -0.000031 wh:202,200,200,203 p:507,393 
9387 c:3.1414,0,0 w:0.0047,-0.2254,0.0088 q:0.934973,0.013307,-0.354458 0.000358 wh:203,198,200,198 p:498,393 
9507 c:3.1414,0,0 w:0.0047,-0.2254,0.0088 q:0.934973,0.013307,-0.354458 0.000358 wh:203,198,200,198 p:498,393 
9625 c:3.1414,0,0 w:0.0183,-0.2234,-0.0030 q:0.927626,0.014319,-0.373224 0.000346 wh:199,199,199,200 p:509,393 
9744 c:3.1414,0,0 w:0.0270,-0.2245,-0.0085 q:0.919693,0.017120,-0.392253 0.000161 wh:199,194,197,199 p:514,393 
9863 c:3.1414,0,0 w:0.0270,-0.2245,-0.0085 q:0.919693,0.017120,-0.392253 0.000161 wh:199,194,197,199 p:514,393 
9981 c:3.1414,0,0 w:-0.0029,-0.2259,0.0163 q:0.911426,0.017317,-0.411088 0.000792 wh:199,198,197,201 p:518,393 
10104 c:3.1414,0,0 w:-0.0061,-0.2230,0.0185 q:0.905676,0.016465,-0.423639 0.001395 wh:201,194,198,198 p:514,393 
10224 c:3.1414,0,0 w:0.0085,-0.2225,0.0034 q:0.896762,0.016183,-0.442203 0.001801 wh:200,198,199,200 p:518,393 
10343 c:3.1414,0,0 w:0.0085,-0.2225,0.0034 q:0.896762,0.016183,-0.442203 0.001801 wh:200,198,199,200 p:518,393 
10463 c:3.1414,0,0 w:0.0290,-0.2227,-0.0089 q:0.887334,0.018293,-0.460751 0.001776 wh:200,198,197,198 p:513,393 
10586 c:3.1414,0,0 w:0.0123,-0.2237,0.0066 q:0.877494,0.019854,-0.479162 0.002153 wh:199,196,201,198 p:508,393 
10704 c:3.1414,0,0 w:0.0123,-0.2237,0.0066 q:0.877494,0.019854,-0.479162 0.002153 wh:199,196,201,198 p:508,393 
10824 c:3.1414,0,0 w:-0.0036,-0.2253,0.0129 q:0.870840,0.019640,-0.491159 0.002451 wh:199,196,198,197 p:507,393 
10944 c:3.1414,0,0 w:-0.0065,-0.2241,0.0111 q:0.860328,0.018395,-0.509392 0.003093 wh:202,194,198,197 p:506,393 
11064 c:3.1414,0,0 w:0.0198,-0.2222,-0.0112 q:0.849596,0.019546,-0.527054 0.003126 wh:198,194,197,199 p:514,393 
11188 c:3.1414,0,0 w:0.0198,-0.2222,-0.0112 q:0.849596,0.019546,-0.527054 0.003126 wh:198,194,197,199 p:514,393 
11308 c:3.1414,0,0 w:0.0233,-0.2244,-0.0056 q:0.838377,0.022154,-0.544625 0.002981 wh:200,198,197,199 p:513,393 
11427 c:3.1414,0,0 w:0.0114,-0.2241,0.0098 q:0.830711,0.022778,-0.556219 0.003468 wh:201,199,199,201 p:516,393 
11546 c:3.1414,0,0 w:0.0114,-0.2241,0.0098 q:0.830711,0.022778,-0.556219 0.003468 wh:201,199,199,201 p:516,393 
11669 c:3.1414,0,0 w:-0.0075,-0.2234,0.0195 q:0.818984,0.021694,-0.573382 0.004400 wh:199,197,197,197 p:512,393 
11789 c:3.1414,0,0 w:0.0030,-0.2239,0.0048 q:0.806782,0.020950,-0.590452 0.004700 wh:199,197,199,200 p:524,393 
11908 c:3.1414,0,0 w:0.0197,-0.2225,-0.0114 q:0.798513,0.022053,-0.601549 0.004591 wh:203,196,197,200 p:526,393 
12028 c:3.1414,0,0 w:0.0197,-0.2225,-0.0114 q:0.798513,0.022053,-0.601549 0.004591 wh:203,196,197,200 p:526,393 
12148 c:3.1414,0,0 w:0.0218,-0.2233,-0.0074 q:0.785727,0.024544,-0.618062 0.004554 wh:199,197,196,200 p:511,393 
12271 c:3.1414,0,0 w:0.0029,-0.2242,0.0181 q:0.772667,0.024852,-0.634297 0.005268 wh:201,199,200,199 p:508,393 
12391 c:3.1414,0,0 w:0.0029,-0.2242,0.0181 q:0.772667,0.024852,-0.634297 0.005268 wh:201,199,200,199 p:508,393 
12510 c:3.1414,0,0 w:-0.0052,-0.2215,0.0195 q:0.759292,0.023342,-0.650297 0.005978 wh:200,197,198,199 p:516,393 
12630 c:3.1414,0,0 w:0.0048,-0.2230,0.0014 q:0.750014,0.023159,-0.660982 0.006051 wh:198,194,198,199 p:510,393 
12752 c:3.1414,0,0 w:0.0241,-0.2216,-0.0183 q:0.735840,0.025687,-0.676638 0.005772 wh:199,195,202,199 p:508,393 
12894 c:3.1414,0,0 w:0.0241,-0.2216,-0.0183 q:0.735840,0.025687,-0.676638 0.005772 wh:199,195,202,199 p:508,393 
13014 c:3.1414,0,0 w:0.0113,-0.2227,0.0072 q:0.721365,0.027215,-0.691987 0.006037 wh:205,200,200,199 p:509,393 
13133 c:3.1414,0,0 w:-0.0019,-0.2234,0.0251 q:0.711600,0.026426,-0.702050 0.006705 wh:199,197,200,197 p:510,393 
13253 c:3.1414,0,0 w:0.0009,-0.2251,0.0152 q:0.696661,0.024859,-0.716927 0.007270 wh:201,197,198,201 p:503,393 
13375 c:3.1414,0,0 w:0.0009,-0.2251,0.0152 q:0.696661,0.024859,-0.716927 0.007270 wh:201,197,198,201 p:503,393 
13495 c:3.1414,0,0 w:0.0157,-0.2237,-0.0161 q:0.681294,0.026280,-0.731500 0.006842 wh:201,197,203,200 p:502,393 
13615 c:3.1414,0,0 w:0.0195,-0.2244,-0.0118 q:0.670793,0.027834,-0.741086 0.006727 wh:200,197,204,202 p:512,393 
13734 c:3.1414,0,0 w:0.0195,-0.2244,-0.0118 q:0.670793,0.027834,-0.741086 0.006727 wh:200,197,204,202 p:512,393 
13867 c:3.1414,0,0 w:0.0105,-0.2225,0.0153 q:0.654944,0.028590,-0.755093 0.007514 wh:202,198,205,203 p:502,393 
13985 c:3.1414,0,0 w:0.0006,-0.2254,0.0227 q:0.638743,0.027349,-0.768880 0.008630 wh:201,197,199,201 p:509,393 
14104 c:3.1414,0,0 w:0.0022,-0.2242,-0.0024 q:0.622701,0.027076,-0.781939 0.008547 wh:203,195,199,200 p:510,393 
14224 c:3.1414,0,0 w:0.0022,-0.2242,-0.0024 q:0.622701,0.027076,-0.781939 0.008547 wh:203,195,199,200 p:510,393 
14344 c:3.1414,0,0 w:0.0128,-0.2230,-0.0178 q:0.611789,0.028310,-0.790468 0.008075 wh:204,200,197,200 p:501,393 
14468 c:3.1414,0,0 w:0.0169,-0.2257,-0.0024 q:0.594935,0.030170,-0.803162 0.008032 wh:201,198,199,199 p:511,393 
14587 c:3.1414,0,0 w:0.0169,-0.2257,-0.0024 q:0.594935,0.030170,-0.803162 0.008032 wh:201,198,199,199 p:511,393 
14707 c:3.1414,0,0 w:0.0116,-0.2231,0.0202 q:0.578032,0.030150,-0.815397 0.009435 wh:200,197,200,196 p:508,393 
14827 c:3.1414,0,0 w:-0.0042,-0.2265,0.0250 q:0.566671,0.029145,-0.823364 0.009898 wh:199,195,197,200 p:515,393 
14950 c:3.1414,0,0 w:0.0026,-0.2248,-0.0027 q:0.549188,0.028721,-0.835145 0.009612 wh:199,196,198,196 p:505,393 
15070 c:3.1414,0,0 w:0.0026,-0.2248,-0.0027 q:0.549188,0.028721,-0.835145 0.009612 wh:199,196,198,196 p:505,393 
15191 c:3.1414,0,0 w:0.0132,-0.2242,-0.0147 q:0.531614,0.030602,-0.846378 0.009264 wh:197,195,199,199 p:508,393 
15310 c:3.1414,0,0 w:0.0143,-0.2250,0.0141 q:0.513691,0.031400,-0.857337 0.010001 wh:197,198,199,200 p:510,393 
15429 c:3.1414,0,0 w:0.0143,-0.2250,0.0141 q:0.513691,0.031400,-0.857337 0.010001 wh:197,198,199,200 p:510,393 
15551 c:3.1414,0,1 w:0.0099,-0.2242,0.0233 q:0.501799,0.030674,-0.864367 0.010807 wh:198,198,197,198 p:511,393 
15671 c:3.1414,0,1 w:0.0004,-0.2245,0.0069 q:0.483801,0.029729,-0.874598 0.011075 wh:199,195,197,197 p:515,393 
15790 c:3.1414,0,1 w:0.0076,-0.2245,-0.0160 q:0.465527,0.030840,-0.884431 0.010329 wh:202,198,198,197 p:509,393 
15909 c:3.1414,0,1 w:0.0076,-0.2245,-0.0160 q:0.465527,0.030840,-0.884431 0.010329 wh:202,198,198,197 p:509,393 
16033 c:3.1414,0,1 w:0.0201,-0.2244,-0.0062 q:0.446851,0.032591,-0.893948 0.010470 wh:200,196,199,198 p:525,393 
16153 c:3.1414,0,1 w:0.0209,-0.2237,0.0132 q:0.434464,0.032817,-0.900014 0.011411 wh:197,193,194,196 p:500,391 
16272 c:3.1414,0,1 w:0.0209,-0.2237,0.0132 q:0.434464,0.032817,-0.900014 0.011411 wh:197,193,194,196 p:500,391 
16391 c:3.1414,0,1 w:0.0045,-0.2164,0.0265 q:0.416007,0.031333,-0.908731 0.012495 wh:197,196,200,196 p:500,390 
16510 c:3.1414,0,1 w:-0.0005,-0.2054,-0.0050 q:0.398217,0.031017,-0.916683 0.012005 wh:190,192,207,194 p:502,391 
16634 c:3.1414,0,1 w:0.0111,-0.1944,-0.0184 q:0.381071,0.032880,-0.923888 0.011210 wh:178,195,225,197 p:485,391 
16754 c:3.1414,0,1 w:0.0111,-0.1944,-0.0184 q:0.381071,0.032880,-0.923888 0.011210 wh:178,195,225,197 p:485,391 
16874 c:3.1414,0,1 w:0.0169,-0.1874,-0.0012 q:0.370138,0.033720,-0.928288 0.011599 wh:176,195,231,200 p:499,390 
16995 c:3.1414,0,1 w:0.0137,-0.1805,0.0282 q:0.354460,0.032834,-0.934399 0.013011 wh:167,193,246,202 p:503,390 
17117 c:3.1414,0,1 w:0.0137,-0.1805,0.0282 q:0.354460,0.032834,-0.934399 0.013011 wh:167,193,246,202 p:503,390 
17235 c:3.1414,0,1 w:-0.0023,-0.1698,0.0106 q:0.339237,0.031501,-0.940074 0.013352 wh:160,192,255,198 p:493,390 
17356 c:3.1414,0,1 w:-0.0029,-0.1630,-0.0109 q:0.329385,0.031832,-0.943570 0.012636 wh:157,193,266,203 p:491,390 
17477 c:3.1414,0,1 w:0.0106,-0.1524,-0.0123 q:0.315100,0.033677,-0.948381 0.011924 wh:149,188,280,203 p:490,390 
17597 c:3.1414,0,1 w:0.0106,-0.1524,-0.0123 q:0.315100,0.033677,-0.948381 0.011924 wh:149,188,280,203 p:490,390 
17721 c:3.1414,0,1 w:0.0171,-0.1434,0.0126 q:0.301975,0.034212,-0.952609 0.012971 wh:143,186,291,200 p:491,389 
17840 c:3.1414,0,1 w:0.0039,-0.1317,0.0225 q:0.289737,0.032600,-0.956442 0.014129 wh:142,186,300,202 p:494,390 
17958 c:3.1414,0,1 w:0.0039,-0.1317,0.0225 q:0.289737,0.032600,-0.956442 0.014129 wh:142,186,300,202 p:494,390 
18077 c:3.1414,0,1 w:-0.0026,-0.1239,0.0030 q:0.282145,0.032195,-0.958727 0.013854 wh:135,188,317,205 p:486,389 
18200 c:3.1414,0,1 w:0.0010,-0.1167,-0.0218 q:0.271161,0.033783,-0.961850 0.012903 wh:131,183,324,203 p:489,390 
18321 c:3.1414,0,1 w:0.0010,-0.1167,-0.0218 q:0.271161,0.033783,-0.961850 0.012903 wh:131,183,324,203 p:489,390 
18441 c:3.1414,0,1 w:0.0168,-0.1078,0.0031 q:0.261096,0.034978,-0.964581 0.013443 wh:127,182,334,203 p:500,389 
18560 c:3.1414,0,1 w:0.0187,-0.1011,0.0188 q:0.254802,0.034521,-0.966263 0.014575 wh:120,184,347,201 p:489,389 
18678 c:3.1414,0,1 w:-0.0010,-0.0920,0.0150 q:0.246146,0.033011,-0.968545 0.015305 wh:116,182,352,199 p:490,388 
18802 c:3.1414,0,1 w:-0.0010,-0.0920,0.0150 q:0.246146,0.033011,-0.968545 0.015305 wh:116,182,352,199 p:490,388 
18922 c:3.1414,0,1 w:-0.0089,-0.0829,-0.0183 q:0.238187,0.033538,-0.970533 0.014107 wh:106,179,366,199 p:489,388 
19043 c:3.1414,0,1 w:0.0001,-0.0779,-0.0195 q:0.233283,0.034800,-0.971689 0.013438 wh:104,182,376,200 p:482,389 
19163 c:3.1414,0,1 w:0.0001,-0.0779,-0.0195 q:0.233283,0.034800,-0.971689 0.013438 wh:104,182,376,200 p:482,389 
19287 c:3.1414,0,1 w:0.0174,-0.0697,0.0057 q:0.226584,0.035563,-0.973234 0.014225 wh:100,181,382,203 p:481,388 
19405 c:3.1414,0,1 w:0.0076,-0.0617,0.0213 q:0.220735,0.033957,-0.974614 0.015565 wh:94,180,396,200 p:486,388 
19523 c:3.1414,0,1 w:-0.0084,-0.0545,-0.0070 q:0.217111,0.033371,-0.975451 0.015361 wh:90,181,406,201 p:488,389 
19643 c:3.1414,0,1 w:-0.0084,-0.0545,-0.0070 q:0.217111,0.033371,-0.975451 0.015361 wh:90,181,406,201 p:488,389 
19763 c:3.1414,0,1 w:-0.0058,-0.0507,-0.0213 q:0.212228,0.034689,-0.976498 0.014140 wh:91,183,411,201 p:496,389 
19887 c:3.1414,0,1 w:0.0082,-0.0429,-0.0053 q:0.208055,0.036008,-0.977349 0.014001 wh:86,181,423,202 p:493,389 
20005 c:3.1414,0,1 w:0.0082,-0.0429,-0.0053 q:0.208055,0.036008,-0.977349 0.014001 wh:86,181,423,202 p:493,389 
20124 c:3.1414,0,1 w:0.0120,-0.0365,0.0208 q:0.204423,0.034838,-0.978139 0.015255 wh:83,180,427,203 p:486,390 
20242 c:3.1414,0,1 w:-0.0003,-0.0345,0.0159 q:0.202305,0.033763,-0.978610 0.015685 wh:74,178,433,208 p:485,390 
20365 c:3.1414,0,1 w:-0.0110,-0.0293,-0.0158 q:0.199367,0.034295,-0.979211 0.014631 wh:73,178,441,208 p:499,391 
20485 c:3.1414,0,1 w:-0.0110,-0.0293,-0.0158 q:0.199367,0.034295,-0.979211 0.014631 wh:73,178,441,208 p:499,391 
20604 c:3.1414,0,1 w:0.0019,-0.0257,-0.0157 q:0.196796,0.036091,-0.979680 0.013696 wh:73,178,440,207 p:493,391 
20723 c:3.1414,0,1 w:0.0122,-0.0237,0.0068 q:0.195293,0.036148,-0.979970 0.014273 wh:66,177,443,205 p:496,391 
20842 c:3.1414,0,1 w:0.0122,-0.0237,0.0068 q:0.195293,0.036148,-0.979970 0.014273 wh:66,177,443,205 p:496,391 
20963 c:3.1414,0,1 w:0.0077,-0.0212,0.0218 q:0.193218,0.034506,-0.980422 0.015530 wh:64,182,448,207 p:504,391 
21081 c:3.1414,0,1 w:-0.0092,-0.0202,-0.0027 q:0.191257,0.033970,-0.980829 0.015264 wh:65,180,447,209 p:489,391 
21200 c:3.1414,0,1 w:-0.0092,-0.0202,-0.0027 q:0.191257,0.033970,-0.980829 0.015264 wh:65,180,447,209 p:489,391 
21321 c:3.1414,0,1 w:-0.0120,-0.0205,-0.0224 q:0.190020,0.034931,-0.981051 0.014216 wh:59,183,446,208 p:493,391 
21441 c:3.1414,0,1 w:0.0073,-0.0144,-0.0065 q:0.188469,0.036434,-0.981301 0.013854 wh:56,184,449,206 p:494,392 
21558 c:3.1414,0,1 w:0.0108,-0.0145,0.0187 q:0.187032,0.035593,-0.981587 0.015168 wh:58,185,454,209 p:495,392 
21677 c:3.1414,0,1 w:0.0108,-0.0145,0.0187 q:0.187032,0.035593,-0.981587 0.015168 wh:58,185,454,209 p:495,392 
21794 c:3.1414,0,1 w:0.0044,-0.0159,0.0155 q:0.186042,0.034539,-0.981803 0.015772 wh:53,182,451,210 p:495,392 
21912 c:3.1414,0,1 w:-0.0124,-0.0127,-0.0108 q:0.184834,0.034550,-0.982042 0.015059 wh:53,184,449,208 p:508,392 
22036 c:3.1414,0,1 w:-0.0124,-0.0127,-0.0108 q:0.184834,0.034550,-0.982042 0.015059 wh:53,184,449,208 p:508,392 
22156 c:3.1414,0,1 w:-0.0017,-0.0098,-0.0195 q:0.183876,0.036450,-0.982171 0.013891 wh:52,182,448,209 p:498,392 
22276 c:3.1414,0,1 w:0.0087,-0.0119,-0.0013 q:0.183164,0.036872,-0.982283 0.014210 wh:50,178,446,207 p:498,392 
22394 c:3.1414,0,1 w:0.0085,-0.0119,0.0256 q:0.182114,0.035258,-0.982518 0.015515 wh:52,176,446,206 p:487,392 
22512 c:3.1414,0,1 w:0.0085,-0.0119,0.0256 q:0.182114,0.035258,-0.982518 0.015515 wh:52,176,446,206 p:487,392 
22634 c:3.1414,0,1 w:-0.0087,-0.0151,-0.0005 q:0.180787,0.034175,-0.982801 0.015511 wh:53,173,446,210 p:498,392 
22754 c:3.1414,0,1 w:-0.0120,-0.0150,-0.0228 q:0.179903,0.035003,-0.982950 0.014516 wh:54,175,449,206 p:511,392 
22874 c:3.1414,0,1 w:-0.0120,-0.0150,-0.0228 q:0.179903,0.035003,-0.982950 0.014516 wh:54,175,449,206 p:511,392 
22993 c:3.1414,0,1 w:0.0021,-0.0157,-0.0144 q:0.178525,0.037013,-0.983139 0.013692 wh:56,172,443,206 p:517,392 
23115 c:3.1414,0,1 w:0.0122,-0.0125,0.0208 q:0.177278,0.036145,-0.983382 0.014724 wh:56,174,447,206 p:507,392 
23234 c:3.1414,0,1 w:0.0122,-0.0125,0.0208 q:0.177278,0.036145,-0.983382 0.014724 wh:56,174,447,206 p:507,392 
23352 c:3.1414,0,1 w:0.0059,-0.0142,0.0222 q:0.176431,0.034747,-0.983573 0.015492 wh:55,173,448,207 p:502,392 
23470 c:3.1414,0,1 w:-0.0107,-0.0125,-0.0099 q:0.175219,0.034604,-0.983803 0.014974 wh:55,172,444,203 p:505,392 
23589 c:3.1414,0,1 w:-0.0052,-0.0106,-0.0236 q:0.174180,0.036773,-0.983926 0.013766 wh:53,170,445,204 p:512,392 
23713 c:3.1414,0,1 w:-0.0052,-0.0106,-0.0236 q:0.174180,0.036773,-0.983926 0.013766 wh:53,170,445,204 p:512,392 
23833 c:3.1414,0,1 w:0.0074,-0.0092,-0.0016 q:0.173501,0.037336,-0.984024 0.013832 wh:53,170,449,206 p:504,392 
23952 c:3.1414,0,1 w:0.0087,-0.0116,0.0279 q:0.172469,0.035690,-0.984249 0.015026 wh:53,171,445,205 p:509,392 
24070 c:3.1414,0,1 w:0.0087,-0.0116,0.0279 q:0.172469,0.035690,-0.984249 0.015026 wh:53,171,445,205 p:509,392 
24192 c:3.1414,0,1 w:-0.0058,-0.0107,0.0039 q:0.171506,0.034335,-0.984463 0.015185 wh:55,167,444,202 p:510,392 
24310 c:3.1414,0,1 w:-0.0121,-0.0096,-0.0207 q:0.170877,0.035318,-0.984551 0.014294 wh:52,169,449,206 p:513,392 
24430 c:3.1414,0,1 w:0.0013,-0.0115,-0.0140 q:0.169784,0.037443,-0.984673 0.013483 wh:53,170,449,206 p:511,392 
24549 c:3.1414,0,1 w:0.0013,-0.0115,-0.0140 q:0.169784,0.037443,-0.984673 0.013483 wh:53,170,449,206 p:511,392 
24668 c:3.1414,0,1 w:0.0113,-0.0110,0.0195 q:0.168664,0.037008,-0.984869 0.014396 wh:55,166,451,207 p:497,392 
24790 c:3.1414,0,1 w:0.0073,-0.0109,0.0250 q:0.167914,0.035617,-0.985037 0.015131 wh:56,165,451,205 p:504,392 
24907 c:3.1414,0,1 w:0.0073,-0.0109,0.0250 q:0.167914,0.035617,-0.985037 0.015131 wh:56,165,451,205 p:504,392 
25025 c:3.1414,0,1 w:-0.0098,-0.0122,-0.0077 q:0.166802,0.035041,-0.985251 0.014834 wh:53,166,454,206 p:490,393 
25145 c:3.1414,0,1 w:-0.0055,-0.0112,-0.0242 q:0.165794,0.037094,-0.985363 0.013650 wh:55,165,448,205 p:509,393 
25269 c:3.1414,0,1 w:-0.0055,-0.0112,-0.0242 q:0.165794,0.037094,-0.985363 0.013650 wh:55,165,448,205 p:497,393 
25410 c:3.1414,0,1 w:0.0035,-0.0115,-0.0059 q:0.165092,0.037970,-0.985449 0.013584 wh:54,162,443,201 p:497,393 
25529 c:3.1414,0,1 w:0.0097,-0.0096,0.0259 q:0.164067,0.036508,-0.985661 0.014589 wh:55,158,454,203 p:503,393 
25647 c:3.1414,0,1 w:-0.0019,-0.0122,0.0059 q:0.162965,0.034993,-0.985891 0.015106 wh:57,161,449,207 p:493,393 
25765 c:3.1414,0,1 w:-0.0019,-0.0122,0.0059 q:0.162965,0.034993,-0.985891 0.015106 wh:57,161,449,207 p:493,393 
25888 c:3.1414,0,1 w:-0.0078,-0.0107,-0.0181 q:0.162282,0.035735,-0.985985 0.014556 wh:55,158,447,200 p:493,392 
26008 c:3.1414,0,1 w:-0.0020,-0.0098,-0.0216 q:0.161368,0.038196,-0.986056 0.013664 wh:55,157,447,197 p:505,392 
26129 c:3.1414,0,1 w:0.0084,-0.0096,0.0149 q:0.160484,0.037917,-0.986202 0.014295 wh:53,156,446,200 p:510,392 
26247 c:3.1414,0,1 w:0.0084,-0.0096,0.0149 q:0.160484,0.037917,-0.986202 0.014295 wh:53,156,446,200 p:510,392 
26368 c:3.1414,0,1 w:0.0045,-0.0074,0.0218 q:0.159707,0.035820,-0.986392 0.015285 wh:53,155,448,197 p:496,392 
26485 c:3.1414,0,1 w:-0.0045,-0.0095,-0.0024 q:0.159125,0.035579,-0.986497 0.015124 wh:53,155,447,198 p:506,392 
26605 c:3.1414,0,1 w:-0.0045,-0.0095,-0.0024 q:0.159125,0.035579,-0.986497 0.015124 wh:53,155,447,198 p:506,392 
26725 c:3.1414,0,1 w:-0.0054,-0.0074,-0.0251 q:0.158331,0.037597,-0.986565 0.014055 wh:56,156,448,196 p:487,392 
26845 c:3.1414,0,1 w:0.0022,-0.0101,-0.0105 q:0.157746,0.038734,-0.986617 0.013922 wh:55,155,448,200 p:502,392 
26989 c:3.1414,0,1 w:0.0090,-0.0075,0.0243 q:0.156958,0.037631,-0.986773 0.014782 wh:56,151,444,195 p:509,392 
27107 c:3.1414,0,1 w:0.0090,-0.0075,0.0243 q:0.156958,0.037631,-0.986773 0.014782 wh:56,151,444,195 p:509,392 
27225 c:3.1414,0,1 w:-0.0005,-0.0096,0.0141 q:0.156094,0.035815,-0.986969 0.015353 wh:53,152,446,195 p:502,392 
27353 c:3.1414,0,1 w:-0.0083,-0.0099,-0.0242 q:0.155233,0.036861,-0.987078 0.014567 wh:53,152,446,198 p:502,392 
27475 c:3.1414,0,1 w:-0.0037,-0.0092,-0.0225 q:0.154677,0.038282,-0.987120 0.013965 wh:54,153,446,198 p:511,392 
27596 c:3.1414,0,1 w:-0.0037,-0.0092,-0.0225 q:0.154677,0.038282,-0.987120 0.013965 wh:54,153,446,198 p:511,392 
27716 c:3.1414,0,1 w:0.0052,-0.0084,0.0126 q:0.153945,0.038375,-0.987227 0.014197 wh:55,155,448,196 p:515,392 
27834 c:3.1414,0,1 w:0.0010,-0.0080,0.0225 q:0.153191,0.036152,-0.987418 0.014899 wh:56,150,448,200 p:502,392 
27952 c:3.1414,0,1 w:0.0010,-0.0080,0.0225 q:0.153191,0.036152,-0.987418 0.014899 wh:56,150,448,200 p:502,392 
28073 c:3.1414,0,1 w:-0.0034,-0.0078,0.0010 q:0.152745,0.035625,-0.987508 0.014827 wh:54,151,446,195 p:508,393 
28192 c:3.1414,0,1 w:-0.0071,-0.0051,-0.0265 q:0.152239,0.037520,-0.987530 0.013826 wh:54,148,449,196 p:508,392 
28312 c:3.1414,0,1 w:-0.0071,-0.0051,-0.0265 q:0.152239,0.037520,-0.987530 0.013826 wh:54,148,449,196 p:508,392 
28432 c:3.1414,0,1 w:0.0026,-0.0051,-0.0018 q:0.151720,0.038776,-0.987566 0.013508 wh:55,146,449,195 p:497,392 
28555 c:3.1414,0,1 w:0.0062,-0.0077,0.0218 q:0.151276,0.037741,-0.987668 0.013929 wh:53,146,445,191 p:508,392 
28673 c:3.1414,0,1 w:-0.0023,-0.0066,0.0158 q:0.150616,0.035554,-0.987845 0.014315 wh:55,145,445,190 p:517,392 
28792 c:3.1414,0,1 w:-0.0023,-0.0066,0.0158 q:0.150616,0.035554,-0.987845 0.014315 wh:55,145,445,190 p:517,392 
28911 c:3.1414,0,1 w:-0.0036,-0.0074,-0.0236 q:0.149899,0.036719,-0.987919 0.013754 wh:54,144,451,194 p:513,392 
29031 c:3.1414,0,1 w:-0.0000,-0.0049,-0.0241 q:0.149599,0.038424,-0.987905 0.013391 wh:55,146,444,193 p:517,392 
29155 c:3.1414,0,1 w:-0.0000,-0.0049,-0.0241 q:0.149599,0.038424,-0.987905 0.013391 wh:55,146,444,193 p:517,392 
29275 c:3.1414,0,1 w:0.0058,-0.0058,0.0127 q:0.149024,0.038713,-0.987975 0.013756 wh:54,143,445,190 p:504,392 
29392 c:3.1414,0,1 w:0.0039,-0.0058,0.0254 q:0.148388,0.036656,-0.988135 0.014791 wh:54,145,454,194 p:503,392 
29511 c:3.1414,0,1 w:-0.0066,-0.0069,0.0031 q:0.147967,0.036018,-0.988225 0.014547 wh:54,146,452,191 p:501,392 
29633 c:3.1414,0,1 w:-0.0066,-0.0069,0.0031 q:0.147967,0.036018,-0.988225 0.014547 wh:54,146,452,191 p:501,392 
29752 c:3.1414,0,1 w:-0.0043,-0.0060,-0.0253 q:0.147423,0.037611,-0.988260 0.013638 wh:53,141,449,193 p:509,392 
29873 c:3.1414,0,1 w:0.0074,-0.0051,-0.0094 q:0.146949,0.039456,-0.988259 0.013614 wh:55,141,446,191 p:507,392 
29991 c:3.1414,0,1 w:0.0074,-0.0051,-0.0094 q:0.146949,0.039456,-0.988259 0.013614 wh:55,141,446,191 p:507,392 
30110 c:3.1414,0,1 w:0.0048,-0.0038,0.0211 q:0.146620,0.038612,-0.988334 0.014133 wh:52,143,442,189 p:509,392 
30232 c:3.1414,0,1 w:-0.0020,-0.0055,0.0205 q:0.146106,0.036365,-0.988486 0.014732 wh:53,143,445,191 p:501,392 
30351 c:3.1414,0,1 w:-0.0100,-0.0044,-0.0198 q:0.145682,0.036970,-0.988539 0.013886 wh:52,142,447,188 p:495,392 
30471 c:3.1414,0,1 w:-0.0100,-0.0044,-0.0198 q:0.145682,0.036970,-0.988539 0.013886 wh:52,142,447,188 p:495,392 
30592 c:3.1414,0,1 w:-0.0031,-0.0069,-0.0236 q:0.145319,0.038496,-0.988541 0.013352 wh:53,141,447,188 p:508,392 
30714 c:3.1414,0,1 w:0.0105,-0.0035,0.0011 q:0.144900,0.039358,-0.988563 0.013793 wh:55,139,446,189 p:499,392 
30832 c:3.1414,0,1 w:0.0105,-0.0035,0.0011 q:0.144900,0.039358,-0.988563 0.013793 wh:55,139,446,189 p:499,392 
30951 c:3.1414,0,1 w:0.0007,-0.0048,0.0276 q:0.144485,0.037390,-0.988690 0.014470 wh:53,137,444,190 p:498,392 
31069 c:3.1414,0,1 w:-0.0022,-0.0044,0.0065 q:0.144233,0.036641,-0.988754 0.014524 wh:55,138,444,190 p:496,393 
31187 c:3.1414,0,1 w:-0.0022,-0.0044,0.0065 q:0.144233,0.036641,-0.988754 0.014524 wh:55,138,444,190 p:496,393 
31310 c:3.1414,0,1 w:-0.0058,-0.0031,-0.0247 q:0.143951,0.037984,-0.988756 0.013714 wh:54,138,449,189 p:500,392 
31430 c:3.1414,0,1 w:0.0079,-0.0052,-0.0122 q:0.143519,0.039818,-0.988748 0.013603 wh:55,137,444,188 p:503,393 
31549 c:3.1414,0,1 w:0.0085,-0.0049,0.0159 q:0.143200,0.039395,-0.988803 0.014234 wh:54,140,441,189 p:497,392 
31667 c:3.1414,0,1 w:0.0085,-0.0049,0.0159 q:0.143200,0.039395,-0.988803 0.014234 wh:54,140,441,189 p:497,392 
31784 c:3.1414,0,1 w:-0.0037,-0.0043,0.0247 q:0.142760,0.036876,-0.988960 0.014438 wh:53,139,447,189 p:502,392 
31907 c:3.1414,0,1 w:-0.0084,-0.0043,-0.0132 q:0.142354,0.036868,-0.989029 0.013728 wh:54,137,442,184 p:509,393 
32027 c:3.1414,0,1 w:-0.0084,-0.0043,-0.0132 q:0.142354,0.036868,-0.989029 0.013728 wh:54,137,442,184 p:509,393 
32147 c:3.1414,0,1 w:0.0019,-0.0041,-0.0309 q:0.142090,0.038641,-0.989004 0.013400 wh:54,136,444,187 p:507,392 
32266 c:3.1414,0,1 w:0.0045,-0.0041,0.0011 q:0.141670,0.039943,-0.989009 0.013666 wh:55,138,448,187 p:503,392 
32388 c:3.1414,0,1 w:0.0038,-0.0031,0.0283 q:0.141299,0.037933,-0.989130 0.014467 wh:52,138,449,184 p:498,392 
32505 c:3.1414,0,1 w:0.0038,-0.0031,0.0283 q:0.141299,0.037933,-0.989130 0.014467 wh:52,138,449,184 p:498,392 
32623 c:3.1414,0,1 w:-0.0032,-0.0031,0.0158 q:0.141072,0.036638,-0.989211 0.014437 wh:55,139,444,183 p:501,392 
32742 c:3.1414,0,1 w:-0.0058,-0.0028,-0.0215 q:0.140891,0.037443,-0.989217 0.013725 wh:57,138,452,186 p:504,392 
32862 c:3.1414,0,1 w:-0.0058,-0.0028,-0.0215 q:0.140891,0.037443,-0.989217 0.013725 wh:57,138,452,186 p:504,392 
32986 c:3.1414,0,1 w:0.0074,-0.0020,-0.0244 q:0.140663,0.040167,-0.989146 0.013521 wh:55,139,455,184 p:499,393 
33104 c:3.1414,0,1 w:0.0050,-0.0014,0.0161 q:0.140564,0.039834,-0.989167 0.013954 wh:53,138,448,184 p:507,392 
33223 c:3.1414,0,1 w:-0.0022,-0.0019,0.0259 q:0.140300,0.037303,-0.989295 0.014494 wh:55,136,442,183 p:492,392 
33342 c:3.1414,0,1 w:-0.0022,-0.0019,0.0259 q:0.140300,0.037303,-0.989295 0.014494 wh:55,136,442,183 p:492,392 
33465 c:3.1414,0,1 w:-0.0063,-0.0044,-0.0122 q:0.140000,0.036973,-0.989360 0.013822 wh:54,137,445,181 p:503,392 
33585 c:3.1414,0,1 w:0.0006,-0.0006,-0.0308 q:0.139888,0.038846,-0.989308 0.013554 wh:54,137,443,182 p:500,393 
33703 c:3.1414,0,1 w:0.0006,-0.0006,-0.0308 q:0.139888,0.038846,-0.989308 0.013554 wh:54,137,443,182 p:500,393 
33822 c:3.1414,0,1 w:0.0065,-0.0020,-0.0077 q:0.139601,0.040562,-0.989275 0.013894 wh:56,135,443,181 p:510,393 
33941 c:3.1414,0,1 w:0.0010,-0.0008,0.0260 q:0.139297,0.038941,-0.989375 0.014432 wh:55,133,444,183 p:499,393 
34063 c:3.1414,0,1 w:0.0010,-0.0008,0.0260 q:0.139297,0.038941,-0.989375 0.014432 wh:55,133,444,183 p:499,393 
34181 c:3.1414,0,1 w:-0.0077,-0.0034,0.0071 q:0.139037,0.036959,-0.989493 0.014035 wh:53,136,446,183 p:501,392 
34299 c:3.1414,0,1 w:-0.0055,-0.0031,-0.0206 q:0.138847,0.037897,-0.989492 0.013483 wh:54,135,445,181 p:512,392 
34420 c:3.1414,0,1 w:0.0106,-0.0006,-0.0244 q:0.138605,0.040608,-0.989418 0.013527 wh:55,132,443,180 p:525,392 
34542 c:3.1414,0,1 w:0.0106,-0.0006,-0.0244 q:0.138605,0.040608,-0.989418 0.013527 wh:55,132,443,180 p:525,392 
34661 c:3.1414,0,1 w:0.0032,-0.0025,0.0178 q:0.138336,0.040192,-0.989464 0.014136 wh:53,135,449,180 p:507,392 
34780 c:3.1414,0,1 w:-0.0034,-0.0022,0.0247 q:0.138176,0.038569,-0.989551 0.014166 wh:54,135,448,182 p:505,392 
34898 c:3.1414,0,1 w:-0.0034,-0.0022,0.0247 q:0.138176,0.038569,-0.989551 0.014166 wh:54,135,448,182 p:505,392 
35017 c:3.1414,0,1 w:-0.0109,-0.0009,-0.0070 q:0.138123,0.037849,-0.989597 0.013358 wh:52,133,446,182 p:502,392 
35141 c:3.1414,0,1 w:0.0045,0.0001,-0.0265 q:0.138089,0.040243,-0.989512 0.013021 wh:55,137,450,182 p:498,393 
35259 c:3.1414,0,1 w:0.0113,0.0001,-0.0099 q:0.138049,0.041216,-0.989472 0.013449 wh:56,137,447,180 p:502,392 
35377 c:3.1414,0,1 w:0.0113,0.0001,-0.0099 q:0.138049,0.041216,-0.989472 0.013449 wh:56,137,447,180 p:502,392 
35494 c:3.1414,0,1 w:0.0033,-0.0015,0.0250 q:0.137953,0.039850,-0.989529 0.014292 wh:55,135,446,182 p:511,393 
35616 c:3.1414,0,1 w:-0.0113,-0.0014,0.0103 q:0.137879,0.037730,-0.989631 0.013739 wh:54,135,447,182 p:515,393 
35735 c:3.1414,0,1 w:-0.0113,-0.0014,0.0103 q:0.137879,0.037730,-0.989631 0.013739 wh:54,135,447,182 p:515,393 
35854 c:3.1414,0,1 w:-0.0084,-0.0014,-0.0178 q:0.137818,0.038401,-0.989622 0.013057 wh:56,138,446,180 p:507,393 
35974 c:3.1414,0,1 w:0.0064,-0.0005,-0.0238 q:0.137745,0.041089,-0.989525 0.012999 wh:54,137,450,180 p:515,393 
36092 c:3.1414,0,1 w:0.0064,-0.0005,-0.0238 q:0.137745,0.041089,-0.989525 0.012999 wh:54,137,450,180 p:515,393 
36215 c:3.1414,0,1 w:0.0070,-0.0006,0.0137 q:0.137639,0.041105,-0.989527 0.013878 wh:55,134,450,177 p:499,392 
36333 c:3.1414,0,1 w:-0.0036,-0.0025,0.0265 q:0.137471,0.039681,-0.989605 0.014185 wh:54,139,452,181 p:508,392 
36452 c:3.1414,0,1 w:-0.0107,-0.0005,-0.0009 q:0.137448,0.038453,-0.989667 0.013389 wh:52,139,447,177 p:504,392 
36572 c:3.1414,0,1 w:-0.0107,-0.0005,-0.0009 q:0.137448,0.038453,-0.989667 0.013389 wh:52,139,447,177 p:504,392 
36696 c:3.1414,0,1 w:0.0041,0.0012,-0.0293 q:0.137420,0.040447,-0.989599 0.012831 wh:56,136,444,178 p:502,392 
36813 c:3.1414,0,1 w:0.0111,-0.0000,-0.0134 q:0.137446,0.041622,-0.989541 0.013242 wh:53,136,444,176 p:504,392 
36932 c:3.1414,0,1 w:0.0111,-0.0000,-0.0134 q:0.137446,0.041622,-0.989541 0.013242 wh:53,136,444,176 p:504,392 
37051 c:3.1414,0,1 w:0.0062,0.0004,0.0213 q:0.137475,0.040840,-0.989556 0.014256 wh:55,135,444,175 p:504,392 
37168 c:3.1414,0,1 w:-0.0104,-0.0002,0.0111 q:0.137412,0.038771,-0.989654 0.013801 wh:54,136,447,178 p:507,392 
37291 c:3.1414,0,1 w:-0.0121,-0.0011,-0.0125 q:0.137409,0.039066,-0.989655 0.012924 wh:53,135,441,179 p:509,392 
37410 c:3.1414,0,1 w:-0.0121,-0.0011,-0.0125 q:0.137409,0.039066,-0.989655 0.012924 wh:53,135,441,179 p:509,392 
37530 c:3.1414,0,1 w:0.0085,0.0001,-0.0286 q:0.137512,0.041602,-0.989539 0.012809 wh:56,135,445,176 p:497,392 
37648 c:3.1414,0,1 w:0.0140,0.0018,0.0086 q:0.137540,0.042180,-0.989495 0.013957 wh:53,136,445,175 p:502,393 
37769 c:3.1414,0,1 w:0.0140,0.0018,0.0086 q:0.137540,0.042180,-0.989495 0.013957 wh:53,136,445,175 p:502,393 
37907 c:3.1414,0,1 w:-0.0016,-0.0009,0.0297 q:0.137516,0.040613,-0.989559 0.014284 wh:55,134,441,174 p:499,392 
38026 c:3.1414,0,1 w:-0.0133,0.0004,0.0063 q:0.137528,0.038876,-0.989638 0.013485 wh:55,135,448,176 p:508,393 
38144 c:3.1414,0,1 w:-0.0002,0.0024,-0.0286 q:0.137621,0.040454,-0.989575 0.012485 wh:55,137,442,173 p:499,393 
38262 c:3.1414,0,1 w:-0.0002,0.0024,-0.0286 q:0.137621,0.040454,-0.989575 0.012485 wh:55,137,442,173 p:499,393 
38385 c:3.1414,0,1 w:0.0172,0.0012,-0.0088 q:0.137747,0.042334,-0.989469 0.013269 wh:53,132,441,174 p:508,393 
38503 c:3.1414,0,1 w:0.0099,0.0021,0.0164 q:0.137790,0.041745,-0.989477 0.014087 wh:54,132,440,173 p:504,393 
38620 c:3.1414,0,1 w:0.0099,0.0021,0.0164 q:0.137790,0.041745,-0.989477 0.014087 wh:54,132,440,173 p:504,393 
38736 c:3.1414,0,1 w:-0.0135,-0.0017,0.0181 q:0.137692,0.039666,-0.989577 0.014011 wh:53,133,445,175 p:494,393 
38855 c:3.1414,0,1 w:-0.0124,-0.0019,-0.0170 q:0.137686,0.040003,-0.989583 0.012646 wh:56,130,438,172 p:511,392 
38979 c:3.1414,0,1 w:0.0064,0.0020,-0.0268 q:0.137737,0.041720,-0.989507 0.012483 wh:54,134,443,171 p:511,393 
39097 c:3.1414,0,1 w:0.0064,0.0020,-0.0268 q:0.137737,0.041720,-0.989507 0.012483 wh:54,134,443,171 p:511,393 
39215 c:3.1414,0,1 w:0.0139,0.0003,0.0025 q:0.137738,0.042764,-0.989448 0.013552 wh:53,132,445,176 p:514,392 
39331 c:3.1414,0,1 w:-0.0042,-0.0009,0.0236 q:0.137680,0.041043,-0.989518 0.014324 wh:55,132,441,173 p:493,392 
39454 c:3.1414,0,1 w:-0.0042,-0.0009,0.0236 q:0.137680,0.041043,-0.989518 0.014324 wh:55,132,441,173 p:493,392 
39573 c:3.1414,0,1 w:-0.0147,-0.0000,0.0118 q:0.137699,0.040020,-0.989565 0.013754 wh:52,131,442,175 p:499,392 
39692 c:3.1414,0,1 w:-0.0097,-0.0002,-0.0215 q:0.137791,0.040995,-0.989531 0.012351 wh:54,134,445,177 p:503,392 
39812 c:3.1414,0,1 w:0.0131,0.0030,-0.0123 q:0.138008,0.042997,-0.989409 0.012878 wh:53,132,447,179 p:501,392 
39930 c:3.1414,0,1 w:0.0131,0.0030,-0.0123 q:0.138008,0.042997,-0.989409 0.012878 wh:53,132,447,179 p:501,392 
40051 c:3.1414,0,1 w:0.0166,0.0038,0.0103 q:0.138167,0.042862,-0.989377 0.014020 wh:54,137,444,175 p:511,392 
40168 c:3.1414,0,1 w:-0.0103,0.0001,0.0221 q:0.138165,0.040881,-0.989456 0.014384 wh:52,133,445,175 p:509,392 
40286 c:3.1414,0,1 w:-0.0103,0.0001,0.0221 q:0.138165,0.040881,-0.989456 0.014384 wh:52,133,445,175 p:509,392 
40403 c:3.1414,0,1 w:-0.0139,0.0020,-0.0117 q:0.138349,0.040885,-0.989449 0.013017 wh:55,133,441,174 p:493,393 
40526 c:3.1414,0,1 w:0.0070,0.0023,-0.0253 q:0.138436,0.042271,-0.989388 0.012291 wh:54,133,441,176 p:498,393 
40644 c:3.1414,0,1 w:0.0070,0.0023,-0.0253 q:0.138436,0.042271,-0.989388 0.012291 wh:54,133,441,176 p:498,393 
40762 c:3.1414,0,1 w:0.0172,0.0014,-0.0041 q:0.138607,0.043862,-0.989283 0.013251 wh:52,135,441,171 p:506,393 
40889 c:3.1414,0,1 w:0.0058,0.0020,0.0222 q:0.138700,0.042528,-0.989308 0.014618 wh:54,131,440,170 p:512,392 
41006 c:3.1414,0,1 w:-0.0178,-0.0002,0.0046 q:0.138679,0.041102,-0.989385 0.013695 wh:52,133,438,170 p:506,393 
41128 c:3.1414,0,1 w:-0.0178,-0.0002,0.0046 q:0.138679,0.041102,-0.989385 0.013695 wh:52,133,438,170 p:506,393 
41247 c:3.1414,0,1 w:-0.0113,-0.0003,-0.0207 q:0.138776,0.041895,-0.989352 0.012637 wh:55,133,438,173 p:505,392 
41367 c:3.1414,0,1 w:0.0137,0.0018,-0.0176 q:0.138941,0.043979,-0.989239 0.012609 wh:54,130,441,173 p:513,392 
41485 c:3.1414,0,1 w:0.0137,0.0018,-0.0176 q:0.138941,0.043979,-0.989239 0.012609 wh:54,130,441,173 p:513,392 
41607 c:3.1414,0,1 w:0.0128,0.0003,0.0175 q:0.138935,0.043618,-0.989234 0.014200 wh:56,132,439,176 p:507,392 
41723 c:3.1414,0,1 w:0.0004,0.0007,0.0196 q:0.138940,0.042404,-0.989280 0.014656 wh:54,128,434,175 p:496,392 
41840 c:3.1414,0,1 w:-0.0226,0.0010,-0.0044 q:0.139142,0.041663,-0.989301 0.013389 wh:52,132,436,177 p:495,392 
41960 c:3.1414,0,1 w:-0.0226,0.0010,-0.0044 q:0.139142,0.041663,-0.989301 0.013389 wh:52,132,436,177 p:495,392 
42079 c:3.1414,0,1 w:-0.0016,0.0040,-0.0253 q:0.139457,0.043637,-0.989185 0.012314 wh:56,133,443,178 p:500,392 
42201 c:3.1414,0,1 w:0.0175,0.0041,-0.0103 q:0.139635,0.044630,-0.989107 0.012986 wh:53,132,445,179 p:513,392 
42318 c:3.1414,0,1 w:0.0175,0.0041,-0.0103 q:0.139635,0.044630,-0.989107 0.012986 wh:53,132,445,179 p:513,392 
42436 c:3.1414,0,1 w:0.0151,0.0043,0.0213 q:0.139850,0.043721,-0.989094 0.014641 wh:54,134,442,176 p:504,392 
42554 c:3.1414,0,1 w:-0.0162,0.0015,0.0130 q:0.140066,0.041942,-0.989146 0.014310 wh:54,134,443,178 p:497,392 
42672 c:3.1414,0,1 w:-0.0176,0.0021,-0.0219 q:0.140334,0.042800,-0.989095 0.012547 wh:53,135,445,176 p:508,392 
42793 c:3.1414,0,1 w:-0.0176,0.0021,-0.0219 q:0.140334,0.042800,-0.989095 0.012547 wh:53,135,445,176 p:508,392 
42913 c:3.1414,0,1 w:0.0059,0.0021,-0.0215 q:0.140485,0.044208,-0.989014 0.012338 wh:53,137,441,174 p:508,392 
43031 c:3.1414,0,1 w:0.0166,0.0032,0.0091 q:0.140792,0.044559,-0.988935 0.013809 wh:55,135,444,178 p:491,392 
43148 c:3.1414,0,1 w:0.0166,0.0032,0.0091 q:0.140792,0.044559,-0.988935 0.013809 wh:55,135,444,178 p:491,392 
43268 c:3.1414,0,1 w:-0.0022,0.0024,0.0184 q:0.140965,0.042952,-0.988968 0.014755 wh:53,138,444,178 p:512,392 
43385 c:3.1414,0,1 w:-0.0194,0.0020,0.0030 q:0.141088,0.042340,-0.988988 0.013965 wh:56,134,446,178 p:501,392 
43504 c:3.1414,0,1 w:-0.0194,0.0020,0.0030 q:0.141088,0.042340,-0.988988 0.013965 wh:56,134,446,178 p:501,392 
43622 c:3.1414,0,1 w:-0.0123,0.0026,-0.0212 q:0.141332,0.043797,-0.988913 0.012224 wh:55,138,443,175 p:493,392 
43741 c:3.1414,0,1 w:0.0171,0.0041,-0.0004 q:0.141613,0.045060,-0.988807 0.012908 wh:55,138,440,173 p:504,392 
43863 c:3.1414,0,1 w:0.0131,0.0030,0.0228 q:0.141759,0.043729,-0.988823 0.014555 wh:52,134,439,177 p:501,392 
43979 c:3.1414,0,1 w:0.0131,0.0030,0.0228 q:0.141759,0.043729,-0.988823 0.014555 wh:52,134,439,177 p:501,392 
44096 c:3.1414,0,1 w:-0.0031,0.0015,0.0153 q:0.141872,0.042613,-0.988854 0.014696 wh:54,133,438,176 p:502,393 
44214 c:3.1414,0,1 w:-0.0162,0.0040,-0.0158 q:0.142123,0.042778,-0.988833 0.013110 wh:53,135,438,175 p:498,393 
44336 c:3.1414,0,1 w:-0.0162,0.0040,-0.0158 q:0.142123,0.042778,-0.988833 0.013110 wh:53,135,438,175 p:498,393 
44454 c:3.1414,0,1 w:0.0052,0.0021,-0.0183 q:0.142300,0.044610,-0.988737 0.012261 wh:56,134,439,176 p:503,393 
44572 c:3.1414,0,1 w:0.0187,0.0056,0.0043 q:0.142489,0.044811,-0.988689 0.013200 wh:53,133,438,173 p:507,393 
44689 c:3.1414,0,1 w:0.0079,0.0021,0.0190 q:0.142621,0.043291,-0.988717 0.014673 wh:56,135,436,172 p:510,393 
44807 c:3.1414,0,1 w:0.0079,0.0021,0.0190 q:0.142621,0.043291,-0.988717 0.014673 wh:56,135,436,172 p:510,393 
44926 c:3.1414,0,1 w:-0.0170,-0.0022,0.0005 q:0.142605,0.042252,-0.988775 0.013902 wh:55,134,439,174 p:505,392 
45045 c:3.1414,0,1 w:-0.0185,0.0018,-0.0183 q:0.142792,0.043179,-0.988726 0.012606 wh:53,135,437,178 p:504,393 
45165 c:3.1414,0,1 w:-0.0185,0.0018,-0.0183 q:0.142792,0.043179,-0.988726 0.012606 wh:53,135,437,178 p:504,393 
45284 c:3.1414,0,1 w:0.0074,0.0018,-0.0097 q:0.142934,0.044904,-0.988631 0.012394 wh:54,131,435,171 p:509,392 
45406 c:3.1414,0,1 w:0.0194,0.0015,0.0195 q:0.143004,0.044119,-0.988633 0.014127 wh:53,134,437,178 p:507,392 
45522 c:3.1414,0,1 w:0.0194,0.0015,0.0195 q:0.143004,0.044119,-0.988633 0.014127 wh:53,134,437,178 p:507,392 
45639 c:3.1414,0,1 w:-0.0060,0.0015,0.0134 q:0.143067,0.042431,-0.988688 0.014765 wh:54,134,440,177 p:508,392 
45757 c:3.1414,0,1 w:-0.0164,-0.0006,-0.0102 q:0.143116,0.042493,-0.988694 0.013732 wh:53,133,432,174 p:508,391 
45878 c:3.1414,0,1 w:-0.0052,0.0020,-0.0221 q:0.143335,0.044330,-0.988600 0.012287 wh:53,137,437,174 p:509,392 
46000 c:3.1414,0,1 w:-0.0052,0.0020,-0.0221 q:0.143335,0.044330,-0.988600 0.012287 wh:53,137,437,174 p:509,392 
46118 c:3.1414,0,1 w:0.0172,0.0040,0.0085 q:0.143484,0.044691,-0.988549 0.013290 wh:55,136,439,175 p:509,392 
46236 c:3.1414,0,1 w:0.0155,0.0027,0.0190 q:0.143594,0.043703,-0.988562 0.014408 wh:53,136,438,177 p:505,392 
46353 c:3.1414,0,1 w:0.0155,0.0027,0.0190 q:0.143594,0.043703,-0.988562 0.014408 wh:53,136,438,177 p:505,392 
46470 c:3.1414,0,1 w:-0.0123,0.0030,0.0043 q:0.143823,0.042602,-0.988577 0.014401 wh:51,138,448,179 p:500,392 
46592 c:3.1414,0,1 w:-0.0182,0.0012,-0.0219 q:0.143999,0.043920,-0.988519 0.012524 wh:57,141,439,177 p:498,392 
46710 c:3.1414,0,1 w:0.0032,0.0032,-0.0173 q:0.144180,0.045097,-0.988444 0.012148 wh:57,143,444,177 p:508,393 
46828 c:3.1414,0,1 w:0.0032,0.0032,-0.0173 q:0.144180,0.045097,-0.988444 0.012148 wh:57,143,444,177 p:508,393 
46946 c:3.1414,0,1 w:0.0158,0.0029,0.0182 q:0.144447,0.044634,-0.988410 0.013405 wh:53,135,436,174 p:512,393 
47067 c:3.1414,0,1 w:0.0055,0.0017,0.0179 q:0.144574,0.042812,-0.988454 0.014648 wh:56,137,436,174 p:495,393 
47183 c:3.1414,0,1 w:0.0055,0.0017,0.0179 q:0.144574,0.042812,-0.988454 0.014648 wh:56,137,436,174 p:495,393 
47300 c:3.1414,0,1 w:-0.0161,0.0020,-0.0163 q:0.144752,0.042909,-0.988441 0.013467 wh:55,137,437,171 p:514,392 
47419 c:3.1414,0,1 w:-0.0109,0.0010,-0.0259 q:0.144900,0.044251,-0.988375 0.012354 wh:56,136,436,177 p:512,392 
47539 c:3.1414,0,1 w:-0.0109,0.0010,-0.0259 q:0.144900,0.044251,-0.988375 0.012354 wh:56,136,436,177 p:512,392 
47661 c:3.1414,0,1 w:0.0114,0.0027,0.0024 q:0.145145,0.045140,-0.988295 0.012628 wh:54,134,435,175 p:517,392 
47778 c:3.1414,0,1 w:0.0152,0.0012,0.0216 q:0.145222,0.043616,-0.988329 0.014302 wh:54,134,436,178 p:502,392 
47895 c:3.1414,0,1 w:-0.0007,0.0018,0.0120 q:0.145323,0.042702,-0.988349 0.014664 wh:53,134,435,179 p:499,392 
48013 c:3.1414,0,1 w:-0.0007,0.0018,0.0120 q:0.145323,0.042702,-0.988349 0.014664 wh:53,134,435,179 p:499,392 
48135 c:3.1414,0,1 w:-0.0149,0.0015,-0.0224 q:0.145480,0.043560,-0.988309 0.013251 wh:53,134,430,177 p:507,392 
48253 c:3.1414,0,1 w:0.0039,0.0029,-0.0105 q:0.145718,0.045082,-0.988216 0.012425 wh:53,132,432,177 p:498,392 
48371 c:3.1414,0,1 w:0.0039,0.0029,-0.0105 q:0.145718,0.045082,-0.988216 0.012425 wh:53,132,432,177 p:498,392 
48489 c:3.1414,0,1 w:0.0163,0.0024,0.0100 q:0.145823,0.044798,-0.988204 0.013135 wh:55,134,437,178 p:493,392 
48607 c:3.1414,0,1 w:0.0076,0.0024,0.0225 q:0.146009,0.043065,-0.988236 0.014422 wh:53,134,432,179 p:506,392 
48727 c:3.1414,0,1 w:-0.0121,0.0018,-0.0106 q:0.146228,0.042590,-0.988231 0.013911 wh:53,134,432,174 p:497,392 
48845 c:3.1414,0,1 w:-0.0121,0.0018,-0.0106 q:0.146228,0.042590,-0.988231 0.013911 wh:53,134,432,174 p:497,392 
48964 c:3.1414,0,1 w:-0.0087,0.0026,-0.0268 q:0.146535,0.044715,-0.988114 0.012262 wh:53,136,434,177 p:505,392 
49084 c:3.1414,0,1 w:0.0059,0.0052,-0.0074 q:0.146803,0.045521,-0.988037 0.012262 wh:55,133,433,177 p:508,392 
49205 c:3.1414,0,1 w:0.0059,0.0052,-0.0074 q:0.146803,0.045521,-0.988037 0.012262 wh:55,133,433,177 p:508,392 
49323 c:3.1414,0,1 w:0.0183,0.0029,0.0227 q:0.147058,0.044242,-0.988038 0.013770 wh:52,136,432,178 p:508,392 
49439 c:3.1414,0,1 w:-0.0043,0.0024,0.0042 q:0.147266,0.042995,-0.988052 0.014456 wh:55,137,436,178 p:505,392 
49558 c:3.1414,0,1 w:-0.0043,0.0024,0.0042 q:0.147266,0.042995,-0.988052 0.014456 wh:55,137,436,178 p:505,392 
49676 c:3.1414,0,1 w:-0.0094,0.0015,-0.0189 q:0.147392,0.043680,-0.988013 0.013747 wh:53,135,436,177 p:502,392 
49799 c:3.1414,0,1 w:-0.0039,-0.0275,0.0014 q:0.146010,0.044030,-0.988220 0.012473 wh:56,131,430,177 p:503,392 
49917 c:3.1414,0,1 w:0.0181,-0.0153,-0.0167 q:0.143453,0.045408,-0.988521 0.013320 wh:54,135,435,180 p:500,392 
50036 c:3.1414,0,1 w:0.0181,-0.0153,-0.0167 q:0.143453,0.045408,-0.988521 0.013320 wh:54,135,435,180 p:500,392 
50155 c:3.1414,0,1 w:0.0607,0.0217,-0.0094 q:0.143849,0.046453,-0.988373 0.016108 wh:53,133,430,180 p:499,392 
50295 c:3.1414,0,1 w:0.0187,0.1437,-0.1357 q:0.151442,0.055221,-0.986707 0.020394 wh:54,135,428,174 p:499,392 
50410 c:3.1414,0,1 w:-0.1786,0.0377,0.0222 q:0.163365,0.059562,-0.984718 0.009293 wh:53,134,428,178 p:498,391 
