
Comms Startup 
529
539 c:3.1414,0,0 w:0.0000,0.0000,0.0000 q:0.000000,0.000000,0.000000 0.000000 wh:46,47,47,46 p:519,399 
647 c:3.1414,0,0 w:0.0000,0.0000,0.0000 q:0.000000,0.000000,0.000000 0.000000 wh:47,46,48,50 p:508,399 
756 c:3.1414,0,0 w:0.0000,0.0000,0.0000 q:0.000000,0.000000,0.000000 0.000000 wh:46,47,46,47 p:517,399 
866 c:3.1414,0,0 w:0.0000,0.0000,0.0000 q:0.000000,0.000000,0.000000 0.000000 wh:46,47,46,47 p:517,399 
974 c:3.1414,0,0 w:0.0000,0.0000,0.0000 q:0.000000,0.000000,0.000000 0.000000 wh:47,47,47,47 p:524,399 
1087 c:3.1414,0,0 w:0.0000,0.0000,0.0000 q:0.000000,0.000000,0.000000 0.000000 wh:47,47,47,47 p:528,399 
1197 c:3.1414,0,0 w:0.0000,0.0000,0.0000 q:0.000000,0.000000,0.000000 0.000000 wh:47,47,47,47 p:528,399 
1306 c:3.1414,0,0 w:0.0000,0.0000,0.0000 q:0.000000,0.000000,0.000000 0.000000 wh:46,47,46,46 p:535,399 
1417 c:3.1414,0,0 w:0.0000,0.0000,0.0000 q:0.000000,0.000000,0.000000 0.000000 wh:46,47,47,46 p:509,399 
1527 c:3.1414,0,0 w:0.0000,0.0000,0.0000 q:0.000000,0.000000,0.000000 0.000000 wh:46,47,47,46 p:509,399 
1641 c:3.1414,0,0 w:0.0000,0.0000,0.0000 q:0.000000,0.000000,0.000000 0.000000 wh:47,47,47,47 p:513,399 
1750 c:3.1414,0,0 w:0.0000,0.0000,0.0000 q:0.000000,0.000000,0.000000 0.000000 wh:46,47,46,46 p:520,399 
1860 c:3.1414,0,0 w:0.0000,0.0000,0.0000 q:0.000000,0.000000,0.000000 0.000000 wh:46,47,46,46 p:520,399 
1971 c:3.1414,0,0 w:0.0000,0.0000,0.0000 q:0.000000,0.000000,0.000000 0.000000 wh:47,47,47,47 p:524,399 
2080 c:3.1414,0,0 w:0.0000,0.0000,0.0000 q:0.000000,0.000000,0.000000 0.000000 wh:47,47,47,47 p:532,399 
2194 c:3.1414,0,0 w:0.0000,0.0000,0.0000 q:0.000000,0.000000,0.000000 0.000000 wh:47,47,47,47 p:532,399 
2304 c:3.1414,0,0 w:-0.0040,-0.0063,-0.0050 q:0.999913,-0.002212,-0.011908 -0.004258 wh:47,47,47,47 p:514,399 
2420 c:3.1414,0,0 w:-0.0008,0.0024,-0.0020 q:0.999911,-0.002231,-0.012094 -0.004340 wh:46,47,47,46 p:531,399 
2535 c:3.1414,0,0 w:-0.0008,0.0024,-0.0020 q:0.999911,-0.002231,-0.012094 -0.004340 wh:46,47,47,46 p:531,399 
2651 c:3.1414,0,0 w:0.0094,0.0127,0.0026 q:0.999924,-0.001639,-0.011136 -0.004115 wh:46,47,46,46 p:518,399 
2761 c:3.1414,0,0 w:0.0105,0.0065,0.0058 q:0.999932,-0.001052,-0.010558 -0.003842 wh:47,47,47,47 p:521,399 
2877 c:3.1414,0,0 w:-0.0008,-0.0031,-0.0018 q:0.999933,-0.000729,-0.010580 -0.003696 wh:46,47,47,47 p:528,399 
2994 c:3.1414,0,0 w:-0.0008,-0.0031,-0.0018 q:0.999933,-0.000729,-0.010580 -0.003696 wh:46,47,47,47 p:528,399 
3110 c:3.1414,0,0 w:0.0032,-0.0242,-0.0021 q:0.999912,-0.000729,-0.012270 -0.003939 wh:47,47,47,46 p:527,399 
3229 c:3.1414,0,0 w:-0.0013,-0.0196,0.0077 q:0.999887,-0.000900,-0.014217 -0.003815 wh:46,45,46,46 p:521,399 
3344 c:3.1414,0,0 w:-0.0013,-0.0196,0.0077 q:0.999887,-0.000900,-0.014217 -0.003815 wh:46,45,46,46 p:521,399 
3460 c:3.1414,0,0 w:0.0010,-0.0031,-0.0003 q:0.999881,-0.000837,-0.014680 -0.003694 wh:47,47,47,47 p:530,399 
3574 c:3.1414,0,0 w:0.0029,0.0139,0.0011 q:0.999893,-0.000870,-0.013783 -0.003745 wh:46,47,46,46 p:515,399 
3688 c:3.1414,0,0 w:0.0029,0.0139,0.0011 q:0.999893,-0.000870,-0.013783 -0.003745 wh:46,47,46,46 p:515,399 
3805 c:3.1414,0,0 w:0.0099,0.0026,0.0075 q:0.999906,-0.000154,-0.012998 -0.003172 wh:47,47,47,47 p:524,399 
3917 c:3.1414,0,0 w:-0.0013,0.0162,-0.0032 q:0.999915,0.000041,-0.012286 -0.003132 wh:47,47,47,47 p:514,399 
4032 c:3.1414,0,0 w:-0.0013,0.0162,-0.0032 q:0.999915,0.000041,-0.012286 -0.003132 wh:47,47,47,47 p:514,399 
4146 c:3.1414,0,0 w:-0.0004,-0.0037,0.0029 q:0.999925,0.000319,-0.011612 -0.002699 wh:47,47,47,47 p:528,399 
4264 c:3.1414,0,0 w:-0.0457,-0.1078,-0.0308 q:0.999860,-0.000853,-0.016049 -0.003544 wh:47,47,47,47 p:521,399 
4379 c:3.1414,0,0 w:-0.1016,-0.1227,-0.0896 q:0.999417,-0.011082,-0.029621 -0.012538 wh:46,47,47,47 p:515,399 

Comms Startup 
497
523 c:3.1414,0,0 w:0.0000,0.0000,0.0000 q:0.000000,0.000000,0.000000 0.000000 wh:61,64,60,59 p:129,286 
630 c:3.1414,0,0 w:0.0000,0.0000,0.0000 q:0.000000,0.000000,0.000000 0.000000 wh:89,94,88,89 p:267,338 
740 c:3.1414,0,0 w:0.0000,0.0000,0.0000 q:0.000000,0.000000,0.000000 0.000000 wh:153,148,151,149 p:405,367 
857 c:3.1414,0,0 w:0.0000,0.0000,0.0000 q:0.000000,0.000000,0.000000 0.000000 wh:153,148,151,149 p:405,367 
968 c:3.1414,0,0 w:0.0000,0.0000,0.0000 q:0.000000,0.000000,0.000000 0.000000 wh:184,180,184,185 p:409,369 
1082 c:3.1414,0,0 w:0.0000,0.0000,0.0000 q:0.000000,0.000000,0.000000 0.000000 wh:198,196,198,197 p:425,370 
1196 c:3.1414,0,0 w:0.0000,0.0000,0.0000 q:0.000000,0.000000,0.000000 0.000000 wh:198,196,198,197 p:425,370 
1310 c:3.1414,0,0 w:0.0000,0.0000,0.0000 q:0.000000,0.000000,0.000000 0.000000 wh:216,216,218,217 p:451,375 
1429 c:3.1414,0,0 w:0.0000,0.0000,0.0000 q:0.000000,0.000000,0.000000 0.000000 wh:230,225,228,228 p:462,379 
1542 c:3.1414,0,0 w:0.0000,0.0000,0.0000 q:0.000000,0.000000,0.000000 0.000000 wh:238,240,239,237 p:478,382 
1656 c:3.1414,0,0 w:0.0000,0.0000,0.0000 q:0.000000,0.000000,0.000000 0.000000 wh:238,240,239,237 p:478,382 
1771 c:3.1414,0,0 w:0.0000,0.0000,0.0000 q:0.000000,0.000000,0.000000 0.000000 wh:246,244,245,245 p:472,383 
1889 c:3.1414,0,0 w:0.0000,0.0000,0.0000 q:0.000000,0.000000,0.000000 0.000000 wh:249,250,249,250 p:488,384 
2001 c:3.1414,0,0 w:0.0000,0.0000,0.0000 q:0.000000,0.000000,0.000000 0.000000 wh:249,250,249,250 p:488,384 
2116 c:3.1414,0,0 w:0.0000,0.0000,0.0000 q:0.000000,0.000000,0.000000 0.000000 wh:255,252,258,255 p:492,385 
2231 c:3.1414,0,0 w:0.0043,0.0036,-0.0016 q:0.999989,0.002963,-0.002132 0.000904 wh:258,257,259,259 p:490,386 
2347 c:3.1414,0,0 w:0.0043,0.0036,-0.0016 q:0.999989,0.002963,-0.002132 0.000904 wh:258,257,259,259 p:490,386 
2467 c:3.1414,0,0 w:-0.0044,-0.0077,0.0064 q:0.999988,0.002902,-0.002276 0.001095 wh:259,257,257,257 p:500,386 
2583 c:3.1414,0,0 w:-0.0049,-0.0065,-0.0011 q:0.999988,0.002444,-0.002847 0.000949 wh:261,261,262,263 p:501,387 
2702 c:3.1414,0,0 w:-0.0049,-0.0065,-0.0011 q:0.999988,0.002444,-0.002847 0.000949 wh:261,261,262,263 p:501,387 
2821 c:3.1414,0,0 w:-0.0026,-0.0068,-0.0101 q:0.999986,0.002225,-0.003794 0.000151 wh:267,265,267,265 p:495,387 
2942 c:3.1414,0,0 w:-0.0029,-0.0037,-0.0061 q:0.999986,0.002106,-0.003900 -0.000471 wh:263,262,262,266 p:493,388 
3061 c:3.1414,0,0 w:0.0015,-0.0044,0.0009 q:0.999984,0.002007,-0.004322 -0.000448 wh:262,262,261,262 p:500,388 
3179 c:3.1414,0,0 w:0.0015,-0.0044,0.0009 q:0.999984,0.002007,-0.004322 -0.000448 wh:262,262,261,262 p:500,388 
3297 c:3.1414,0,0 w:0.0012,0.0008,-0.0028 q:0.999983,0.002164,-0.004476 -0.000855 wh:261,258,264,265 p:499,388 
3414 c:3.1414,0,0 w:0.0017,0.0027,0.0090 q:0.999985,0.002181,-0.004173 -0.000094 wh:264,260,263,264 p:505,388 
3534 c:3.1414,0,0 w:0.0017,0.0027,0.0090 q:0.999985,0.002181,-0.004173 -0.000094 wh:264,260,263,264 p:505,388 
3650 c:3.1414,0,0 w:-0.0012,0.0013,-0.0034 q:0.999986,0.001990,-0.004049 -0.000104 wh:265,261,263,264 p:499,388 
3768 c:3.1414,0,0 w:-0.0020,-0.0041,-0.0017 q:0.999985,0.001925,-0.004232 -0.000413 wh:261,260,261,263 p:497,388 
3888 c:3.1414,0,0 w:-0.0020,-0.0041,-0.0017 q:0.999985,0.001925,-0.004232 -0.000413 wh:261,260,261,263 p:497,388 
4011 c:3.1414,0,0 w:-0.0080,-0.0051,0.0077 q:0.999984,0.001518,-0.004512 -0.000120 wh:264,261,266,263 p:502,389 
4129 c:3.1414,0,0 w:-0.0037,-0.0022,0.0091 q:0.999984,0.001095,-0.004691 0.000800 wh:266,263,265,265 p:489,389 
4246 c:3.1414,0,0 w:0.0034,-0.0033,-0.0048 q:0.999982,0.001217,-0.004973 0.000841 wh:266,261,266,264 p:495,388 
4364 c:3.1414,0,0 w:0.0034,-0.0033,-0.0048 q:0.999982,0.001217,-0.004973 0.000841 wh:266,261,266,264 p:495,388 
4482 c:3.1414,0,0 w:0.0018,-0.0041,-0.0083 q:0.999980,0.001532,-0.005378 0.000091 wh:269,264,266,269 p:500,389 
4602 c:3.1414,0,0 w:-0.0012,-0.0028,0.0076 q:0.999978,0.001536,-0.005720 0.000096 wh:266,260,262,266 p:505,389 
4718 c:3.1414,0,0 w:-0.0012,-0.0028,0.0076 q:0.999978,0.001536,-0.005720 0.000096 wh:266,260,262,266 p:505,389 
4836 c:3.1414,0,0 w:-0.0078,-0.0013,0.0103 q:0.999977,0.000963,-0.005927 0.000960 wh:269,263,266,264 p:503,389 
4954 c:3.1414,0,0 w:-0.0017,-0.0034,-0.0017 q:0.999976,0.000727,-0.006144 0.001111 wh:270,266,268,271 p:490,389 
5075 c:3.1414,0,0 w:-0.0017,-0.0034,-0.0017 q:0.999976,0.000727,-0.006144 0.001111 wh:270,266,268,271 p:490,389 
5193 c:3.1414,0,0 w:0.0063,-0.0019,-0.0095 q:0.999974,0.001159,-0.006432 0.000369 wh:267,264,266,266 p:496,389 
5311 c:3.1414,0,0 w:0.0008,-0.0019,0.0019 q:0.999972,0.001352,-0.006670 0.000251 wh:265,261,266,267 p:491,389 
5427 c:3.1414,0,0 w:0.0008,-0.0019,0.0019 q:0.999972,0.001352,-0.006670 0.000251 wh:265,261,266,267 p:491,389 
5543 c:3.1414,0,1 w:-0.0037,-0.0048,0.0045 q:0.999970,0.001150,-0.007065 0.000316 wh:265,260,262,264 p:489,389 
5665 c:3.1414,0,1 w:-0.0054,-0.0025,0.0032 q:0.999969,0.000618,-0.007264 0.000850 wh:273,268,271,273 p:500,389 
5781 c:3.1414,0,1 w:0.0043,-0.0042,-0.0080 q:0.999967,0.000707,-0.007534 0.000551 wh:265,265,267,265 p:499,389 
5899 c:3.1414,0,1 w:0.0043,-0.0042,-0.0080 q:0.999967,0.000707,-0.007534 0.000551 wh:265,265,267,265 p:499,389 
6017 c:3.1414,0,1 w:0.0037,-0.0024,-0.0052 q:0.999964,0.001007,-0.007879 -0.000042 wh:265,260,260,264 p:488,389 
6135 c:3.1414,0,1 w:-0.0021,-0.0048,-0.0007 q:0.999961,0.001166,-0.008301 -0.000128 wh:265,259,265,264 p:499,389 
6258 c:3.1414,0,1 w:-0.0021,-0.0048,-0.0007 q:0.999961,0.001166,-0.008301 -0.000128 wh:265,259,265,264 p:499,389 
6377 c:3.1414,0,1 w:-0.0011,-0.0065,0.0068 q:0.999957,0.000923,-0.008776 0.000450 wh:274,268,267,274 p:474,385 
6495 c:3.1414,0,1 w:0.0004,-0.0205,-0.0028 q:0.999942,0.000647,-0.010325 0.000522 wh:273,259,257,263 p:492,386 
6611 c:3.1414,0,1 w:0.0004,-0.0205,-0.0028 q:0.999942,0.000647,-0.010325 0.000522 wh:273,259,257,263 p:492,386 
6733 c:3.1414,0,1 w:0.0015,-0.0355,-0.0069 q:0.999910,0.000839,-0.013024 0.000001 wh:288,260,244,263 p:499,387 
6849 c:3.1414,0,1 w:0.0024,-0.0421,-0.0081 q:0.999877,0.001015,-0.015386 -0.000417 wh:300,262,238,266 p:487,387 
6968 c:3.1414,0,1 w:-0.0015,-0.0517,0.0039 q:0.999801,0.001034,-0.019690 -0.000370 wh:306,262,230,264 p:491,386 
7087 c:3.1414,0,1 w:-0.0015,-0.0517,0.0039 q:0.999801,0.001034,-0.019690 -0.000370 wh:306,262,230,264 p:491,386 
7205 c:3.1414,0,1 w:-0.0047,-0.0630,0.0107 q:0.999682,0.000612,-0.025041 0.000564 wh:319,258,222,261 p:479,386 
7326 c:3.1414,0,1 w:-0.0012,-0.0729,-0.0040 q:0.999507,0.000343,-0.031247 0.000762 wh:333,257,209,261 p:487,386 
7444 c:3.1414,0,1 w:-0.0012,-0.0729,-0.0040 q:0.999507,0.000343,-0.031247 0.000762 wh:333,257,209,261 p:487,386 
7562 c:3.1414,0,1 w:0.0030,-0.0838,-0.0042 q:0.999255,0.000627,-0.038481 0.000368 wh:341,256,205,264 p:489,386 
7680 c:3.1414,0,1 w:-0.0003,-0.0971,-0.0019 q:0.998899,0.000758,-0.046812 -0.000127 wh:352,258,193,260 p:490,385 
7802 c:3.1414,0,1 w:-0.0003,-0.0971,-0.0019 q:0.998899,0.000758,-0.046812 -0.000127 wh:352,258,193,260 p:490,385 
7921 c:3.1414,0,1 w:-0.0009,-0.1029,0.0064 q:0.998591,0.000695,-0.052976 0.000194 wh:365,256,186,260 p:487,385 
8039 c:3.1414,0,1 w:-0.0017,-0.1114,0.0045 q:0.998019,0.000385,-0.062837 0.000854 wh:380,254,178,259 p:484,385 
8157 c:3.1414,0,1 w:-0.0017,-0.1114,0.0045 q:0.998019,0.000385,-0.062837 0.000854 wh:380,254,178,259 p:484,385 
8274 c:3.1414,0,1 w:0.0001,-0.1223,-0.0068 q:0.997273,0.000217,-0.073734 0.000762 wh:387,257,175,263 p:486,385 
8395 c:3.1414,0,1 w:0.0035,-0.1348,-0.0060 q:0.996331,0.000624,-0.085527 -0.000108 wh:398,257,163,260 p:492,385 
8513 c:3.1414,0,1 w:-0.0046,-0.1436,0.0125 q:0.995143,0.000497,-0.098393 0.000103 wh:410,255,156,259 p:499,387 
8631 c:3.1414,0,1 w:-0.0046,-0.1436,0.0125 q:0.995143,0.000497,-0.098393 0.000103 wh:410,255,156,259 p:499,387 
8748 c:3.1414,0,1 w:-0.0046,-0.1481,0.0105 q:0.994226,0.000117,-0.107266 0.000779 wh:421,257,157,263 p:495,387 
8869 c:3.1414,0,1 w:-0.0011,-0.1540,0.0021 q:0.992603,-0.000057,-0.121365 0.001075 wh:425,258,147,261 p:486,388 
8986 c:3.1414,0,1 w:-0.0011,-0.1540,0.0021 q:0.992603,-0.000057,-0.121365 0.001075 wh:425,258,147,261 p:486,388 
9105 c:3.1414,0,1 w:0.0003,-0.1583,-0.0058 q:0.990711,0.000110,-0.135953 0.000422 wh:425,257,138,260 p:504,388 
9223 c:3.1414,0,1 w:-0.0009,-0.1610,0.0032 q:0.988591,0.000138,-0.150597 0.000273 wh:433,264,137,265 p:493,388 
9340 c:3.1414,0,1 w:-0.0009,-0.1610,0.0032 q:0.988591,0.000138,-0.150597 0.000273 wh:433,264,137,265 p:493,388 
9461 c:3.1414,0,1 w:-0.0002,-0.1672,0.0129 q:0.987059,0.000100,-0.160326 0.000939 wh:433,260,132,266 p:500,388 
9578 c:3.1414,0,1 w:-0.0025,-0.1679,0.0050 q:0.984429,-0.000068,-0.175751 0.001802 wh:430,262,121,264 p:507,388 
9696 c:3.1414,0,1 w:-0.0041,-0.1699,-0.0058 q:0.981525,-0.000428,-0.191307 0.001668 wh:427,260,120,264 p:497,389 
9816 c:3.1414,0,1 w:-0.0041,-0.1699,-0.0058 q:0.981525,-0.000428,-0.191307 0.001668 wh:427,260,120,264 p:497,389 
9939 c:3.1414,0,1 w:0.0026,-0.1737,-0.0007 q:0.978252,-0.000310,-0.207397 0.000959 wh:437,267,114,268 p:504,389 
10056 c:3.1414,0,1 w:0.0006,-0.1775,0.0036 q:0.975916,-0.000115,-0.218123 0.001067 wh:433,261,111,267 p:504,389 
10175 c:3.1414,0,1 w:0.0006,-0.1775,0.0036 q:0.975916,-0.000115,-0.218123 0.001067 wh:433,261,111,267 p:504,389 
10294 c:3.1414,0,1 w:-0.0008,-0.1791,0.0116 q:0.972151,-0.000276,-0.234330 0.001939 wh:428,260,105,260 p:499,389 
10414 c:3.1414,0,1 w:-0.0023,-0.1827,-0.0042 q:0.967964,-0.000506,-0.251063 0.002098 wh:433,263,99,264 p:508,389 
10536 c:3.1414,0,1 w:-0.0023,-0.1827,-0.0042 q:0.967964,-0.000506,-0.251063 0.002098 wh:433,263,99,264 p:508,389 
10655 c:3.1414,0,1 w:-0.0009,-0.1855,-0.0055 q:0.963335,-0.000538,-0.268280 0.001449 wh:437,261,96,263 p:513,389 
10775 c:3.1414,0,1 w:0.0008,-0.1890,-0.0011 q:0.960016,-0.000471,-0.279927 0.001238 wh:431,257,93,262 p:513,389 
10893 c:3.1414,0,1 w:0.0004,-0.1913,0.0108 q:0.954822,-0.000691,-0.297155 0.002139 wh:433,262,89,262 p:510,389 
11015 c:3.1414,0,1 w:0.0004,-0.1913,0.0108 q:0.954822,-0.000691,-0.297155 0.002139 wh:433,262,89,262 p:510,389 
11130 c:3.1414,0,1 w:-0.0026,-0.1930,0.0029 q:0.949293,-0.000827,-0.314364 0.002917 wh:434,260,81,261 p:511,389 
11249 c:3.1414,0,1 w:-0.0052,-0.1957,-0.0048 q:0.945269,-0.000990,-0.326266 0.002595 wh:440,262,83,266 p:505,389 
11369 c:3.1414,0,1 w:-0.0052,-0.1957,-0.0048 q:0.945269,-0.000990,-0.326266 0.002595 wh:440,262,83,266 p:505,389 
11489 c:3.1414,0,1 w:-0.0049,-0.1946,-0.0061 q:0.938991,-0.001199,-0.343923 0.001897 wh:433,258,77,262 p:506,389 
11612 c:3.1414,0,1 w:0.0030,-0.1908,0.0107 q:0.932506,-0.001210,-0.361131 0.002445 wh:434,261,79,261 p:505,388 
11728 c:3.1414,0,1 w:0.0030,-0.1908,0.0107 q:0.932506,-0.001210,-0.361131 0.002445 wh:434,261,79,261 p:505,388 
11846 c:3.1414,0,1 w:0.0026,-0.1887,0.0128 q:0.928192,-0.001301,-0.372075 0.003244 wh:433,260,81,262 p:512,389 
11964 c:3.1414,0,1 w:-0.0052,-0.1875,-0.0013 q:0.921455,-0.001542,-0.388456 0.003576 wh:436,261,89,268 p:507,389 
12087 c:3.1414,0,1 w:-0.0070,-0.1882,-0.0121 q:0.914269,-0.001662,-0.405087 0.002470 wh:431,260,91,262 p:498,389 
12205 c:3.1414,0,1 w:-0.0070,-0.1882,-0.0121 q:0.914269,-0.001662,-0.405087 0.002470 wh:431,260,91,262 p:498,389 
12324 c:3.1414,0,1 w:-0.0002,-0.1841,-0.0036 q:0.909358,-0.001633,-0.415995 0.002101 wh:432,259,94,262 p:518,389 
12444 c:3.1414,0,1 w:0.0072,-0.1804,0.0149 q:0.902062,-0.001593,-0.431583 0.003006 wh:427,262,96,263 p:508,389 
12565 c:3.1414,0,1 w:0.0072,-0.1804,0.0149 q:0.902062,-0.001593,-0.431583 0.003006 wh:427,262,96,263 p:508,389 
12682 c:3.1414,0,1 w:0.0006,-0.1766,0.0041 q:0.894692,-0.001618,-0.446654 0.003955 wh:429,260,101,270 p:497,389 
12801 c:3.1414,0,1 w:-0.0107,-0.1736,-0.0075 q:0.887102,-0.001993,-0.461547 0.003398 wh:417,259,103,261 p:507,390 
12921 c:3.1414,0,1 w:-0.0107,-0.1736,-0.0075 q:0.887102,-0.001993,-0.461547 0.003398 wh:417,259,103,261 p:507,390 
13042 c:3.1414,0,1 w:-0.0061,-0.1644,-0.0136 q:0.882145,-0.001975,-0.470959 0.002499 wh:419,261,108,266 p:501,389 
13166 c:3.1414,0,1 w:0.0078,-0.1563,0.0048 q:0.874926,-0.001769,-0.484237 0.002692 wh:402,259,112,261 p:518,389 
13284 c:3.1414,0,1 w:0.0040,-0.1539,0.0151 q:0.867762,-0.002001,-0.496947 0.004431 wh:400,260,120,262 p:504,389 
13417 c:3.1414,0,1 w:0.0040,-0.1539,0.0151 q:0.867762,-0.002001,-0.496947 0.004431 wh:400,260,120,262 p:504,389 
13535 c:3.1414,0,1 w:-0.0018,-0.1510,-0.0025 q:0.863020,-0.002046,-0.505137 0.004553 wh:400,261,123,266 p:505,390 
13668 c:3.1414,0,1 w:-0.0101,-0.1427,-0.0170 q:0.855881,-0.001999,-0.517152 0.002960 wh:388,259,126,265 p:518,389 
13788 c:3.1414,0,1 w:-0.0101,-0.1427,-0.0170 q:0.855881,-0.001999,-0.517152 0.002960 wh:388,259,126,265 p:518,389 
13907 c:3.1414,0,1 w:0.0012,-0.1391,-0.0029 q:0.848772,-0.001703,-0.528744 0.001992 wh:385,259,130,261 p:507,390 
14028 c:3.1414,0,1 w:0.0081,-0.1319,0.0190 q:0.842045,-0.001582,-0.539387 0.003243 wh:383,259,139,265 p:506,389 
14146 c:3.1414,0,1 w:0.0063,-0.1287,0.0129 q:0.837636,-0.001590,-0.546203 0.004159 wh:379,259,144,266 p:508,389 
14268 c:3.1414,0,1 w:0.0063,-0.1287,0.0129 q:0.837636,-0.001590,-0.546203 0.004159 wh:379,259,144,266 p:508,389 
14386 c:3.1414,0,1 w:-0.0070,-0.1247,-0.0133 q:0.831056,-0.001537,-0.556168 0.003524 wh:371,259,147,261 p:508,389 
14507 c:3.1414,0,1 w:-0.0061,-0.1174,-0.0101 q:0.824561,-0.001556,-0.565759 0.002260 wh:376,264,153,270 p:517,389 
14627 c:3.1414,0,1 w:-0.0061,-0.1174,-0.0101 q:0.824561,-0.001556,-0.565759 0.002260 wh:376,264,153,270 p:517,389 
14751 c:3.1414,0,1 w:0.0014,-0.1145,0.0024 q:0.820330,-0.001593,-0.571876 0.002303 wh:364,262,158,262 p:502,389 
14869 c:3.1414,0,1 w:0.0105,-0.1071,0.0152 q:0.814440,-0.001610,-0.580225 0.003799 wh:359,257,162,262 p:500,389 
14988 c:3.1414,0,1 w:0.0105,-0.1071,0.0152 q:0.814440,-0.001610,-0.580225 0.003799 wh:359,257,162,262 p:500,389 
15107 c:3.1414,0,1 w:-0.0061,-0.1044,-0.0019 q:0.808617,-0.001583,-0.588311 0.004157 wh:354,260,165,264 p:507,389 
15227 c:3.1414,0,1 w:-0.0131,-0.1029,-0.0130 q:0.804701,-0.001705,-0.593662 0.003160 wh:350,263,172,267 p:496,389 
15351 c:3.1414,0,1 w:-0.0021,-0.0931,-0.0031 q:0.799110,-0.001869,-0.601171 0.002114 wh:346,260,176,264 p:509,389 
15471 c:3.1414,0,1 w:-0.0021,-0.0931,-0.0031 q:0.799110,-0.001869,-0.601171 0.002114 wh:346,260,176,264 p:509,389 
15591 c:3.1414,0,1 w:0.0121,-0.0897,0.0111 q:0.793965,-0.001795,-0.607945 0.003236 wh:341,260,180,266 p:501,389 
15710 c:3.1414,0,1 w:0.0026,-0.0856,0.0064 q:0.789066,-0.001568,-0.614284 0.004280 wh:339,260,183,262 p:501,389 
15833 c:3.1414,0,1 w:0.0026,-0.0856,0.0064 q:0.789066,-0.001568,-0.614284 0.004280 wh:339,260,183,262 p:501,389 
15949 c:3.1414,0,1 w:-0.0075,-0.0829,-0.0121 q:0.785775,-0.001509,-0.618493 0.003720 wh:332,261,191,264 p:517,389 
16070 c:3.1414,0,1 w:-0.0061,-0.0769,-0.0052 q:0.781003,-0.001511,-0.624514 0.002284 wh:332,264,197,264 p:517,389 
16191 c:3.1414,0,1 w:-0.0061,-0.0769,-0.0052 q:0.781003,-0.001511,-0.624514 0.002284 wh:332,264,197,264 p:517,389 
16312 c:3.1414,0,1 w:0.0064,-0.0719,0.0038 q:0.776614,-0.001493,-0.629963 0.002521 wh:327,259,194,262 p:507,389 
16434 c:3.1414,0,1 w:0.0118,-0.0711,0.0090 q:0.773809,-0.001234,-0.633401 0.003419 wh:327,266,202,270 p:516,389 
16551 c:3.1414,0,1 w:0.0012,-0.0682,0.0026 q:0.769722,-0.001249,-0.638357 0.004182 wh:320,260,205,264 p:501,389 
16670 c:3.1414,0,1 w:0.0012,-0.0682,0.0026 q:0.769722,-0.001249,-0.638357 0.004182 wh:320,260,205,264 p:501,389 
16789 c:3.1414,0,1 w:-0.0145,-0.0644,-0.0094 q:0.765730,-0.001326,-0.643148 0.002949 wh:313,260,206,263 p:503,389 
16913 c:3.1414,0,1 w:-0.0026,-0.0584,-0.0003 q:0.763196,-0.001498,-0.646155 0.002251 wh:308,260,210,261 p:504,389 
17033 c:3.1414,0,1 w:-0.0026,-0.0584,-0.0003 q:0.763196,-0.001498,-0.646155 0.002251 wh:308,260,210,261 p:504,389 
17154 c:3.1414,0,1 w:0.0092,-0.0573,0.0107 q:0.759635,-0.001567,-0.650335 0.002736 wh:310,263,220,267 p:500,389 
17272 c:3.1414,0,1 w:0.0064,-0.0529,0.0039 q:0.756316,-0.001468,-0.654187 0.003897 wh:304,262,216,265 p:510,389 
17390 c:3.1414,0,1 w:0.0064,-0.0529,0.0039 q:0.753141,-0.001398,-0.657844 0.003260 wh:299,256,216,265 p:506,389 
17513 c:3.1414,0,1 w:-0.0084,-0.0506,-0.0107 q:0.753141,-0.001398,-0.657844 0.003260 wh:299,256,218,259 p:506,389 
17633 c:3.1414,0,1 w:-0.0113,-0.0488,-0.0086 q:0.751005,-0.001553,-0.660284 0.002306 wh:300,260,223,263 p:504,389 
17753 c:3.1414,0,1 w:0.0034,-0.0454,0.0047 q:0.748019,-0.001894,-0.663664 0.002201 wh:303,262,226,266 p:504,389 
17871 c:3.1414,0,1 w:0.0034,-0.0454,0.0047 q:0.748019,-0.001894,-0.663664 0.002201 wh:303,262,226,266 p:504,389 
17993 c:3.1414,0,1 w:0.0142,-0.0418,0.0073 q:0.745351,-0.001718,-0.666654 0.003582 wh:293,259,227,260 p:515,389 
18111 c:3.1414,0,1 w:0.0049,-0.0410,-0.0010 q:0.743611,-0.001463,-0.668592 0.003978 wh:292,261,230,263 p:498,389 
18231 c:3.1414,0,1 w:0.0049,-0.0410,-0.0010 q:0.743611,-0.001463,-0.668592 0.003978 wh:292,261,230,263 p:498,389 
18351 c:3.1414,0,1 w:-0.0134,-0.0390,-0.0126 q:0.740985,-0.001469,-0.671508 0.002858 wh:289,260,235,264 p:507,389 
18476 c:3.1414,0,1 w:-0.0057,-0.0355,-0.0002 q:0.738552,-0.002082,-0.674184 0.002017 wh:293,263,239,270 p:503,389 
18594 c:3.1414,0,1 w:0.0116,-0.0338,0.0087 q:0.736338,-0.002116,-0.676598 0.003023 wh:284,260,235,261 p:518,389 
18713 c:3.1414,0,1 w:0.0116,-0.0338,0.0087 q:0.736338,-0.002116,-0.676598 0.003023 wh:284,260,235,261 p:518,389 
18832 c:3.1414,0,1 w:0.0088,-0.0329,0.0081 q:0.734989,-0.001927,-0.678059 0.003891 wh:283,261,240,263 p:521,389 
18951 c:3.1414,0,1 w:-0.0093,-0.0306,-0.0063 q:0.732953,-0.001707,-0.680261 0.003490 wh:282,258,241,263 p:509,389 
19075 c:3.1414,0,1 w:-0.0093,-0.0306,-0.0063 q:0.732953,-0.001707,-0.680261 0.003490 wh:282,258,241,263 p:509,389 
19194 c:3.1414,0,1 w:-0.0102,-0.0276,-0.0068 q:0.731061,-0.001988,-0.682300 0.002130 wh:278,260,242,261 p:499,389 
19315 c:3.1414,0,1 w:-0.0017,-0.0256,0.0062 q:0.729902,-0.002316,-0.683539 0.002102 wh:277,259,242,261 p:506,389 
19435 c:3.1414,0,1 w:-0.0017,-0.0256,0.0062 q:0.729902,-0.002316,-0.683539 0.002102 wh:277,259,242,261 p:506,389 
19558 c:3.1414,0,1 w:0.0119,-0.0245,0.0084 q:0.728269,-0.002158,-0.685274 0.003249 wh:276,258,248,263 p:508,389 
19676 c:3.1414,0,1 w:0.0034,-0.0231,-0.0072 q:0.726712,-0.001610,-0.686924 0.003697 wh:272,259,250,264 p:504,389 
19795 c:3.1414,0,1 w:-0.0113,-0.0236,-0.0116 q:0.725166,-0.001557,-0.688562 0.002432 wh:270,260,252,261 p:503,390 
19915 c:3.1414,0,1 w:-0.0113,-0.0236,-0.0116 q:0.725166,-0.001557,-0.688562 0.002432 wh:270,260,252,261 p:503,390 
20036 c:3.1414,0,1 w:-0.0070,-0.0204,-0.0013 q:0.724242,-0.001849,-0.689534 0.001877 wh:272,259,251,263 p:506,389 
20161 c:3.1414,0,1 w:0.0041,-0.0176,0.0114 q:0.723020,-0.002286,-0.690812 0.002463 wh:267,259,254,264 p:510,389 
20278 c:3.1414,0,1 w:0.0041,-0.0176,0.0114 q:0.723020,-0.002286,-0.690812 0.002463 wh:267,259,254,264 p:510,389 
20397 c:3.1414,0,1 w:0.0084,-0.0155,0.0009 q:0.721954,-0.002139,-0.691923 0.003438 wh:270,261,255,262 p:518,389 
20515 c:3.1414,0,1 w:0.0003,-0.0170,-0.0077 q:0.721207,-0.001774,-0.692703 0.003272 wh:266,261,254,263 p:510,389 
20638 c:3.1414,0,1 w:0.0003,-0.0170,-0.0077 q:0.721207,-0.001774,-0.692703 0.003272 wh:266,261,254,263 p:510,389 
20757 c:3.1414,0,1 w:-0.0112,-0.0163,-0.0069 q:0.720041,-0.001770,-0.693920 0.001974 wh:269,260,257,265 p:504,389 
20878 c:3.1414,0,1 w:0.0006,-0.0150,0.0079 q:0.718963,-0.002291,-0.695036 0.001899 wh:266,258,255,264 p:505,389 
20997 c:3.1414,0,1 w:0.0107,-0.0129,0.0077 q:0.718401,-0.002247,-0.695615 0.002621 wh:266,260,257,260 p:507,389 
21115 c:3.1414,0,1 w:0.0107,-0.0129,0.0077 q:0.718401,-0.002247,-0.695615 0.002621 wh:266,260,257,260 p:507,389 
21237 c:3.1414,0,1 w:0.0076,-0.0160,-0.0065 q:0.717408,-0.001405,-0.696638 0.003353 wh:264,259,262,263 p:508,389 
21356 c:3.1414,0,1 w:-0.0112,-0.0138,-0.0087 q:0.716408,-0.001117,-0.697671 0.002282 wh:267,261,262,265 p:509,389 
21477 c:3.1414,0,1 w:-0.0112,-0.0138,-0.0087 q:0.716408,-0.001117,-0.697671 0.002282 wh:267,261,262,265 p:509,389 
21597 c:3.1414,0,1 w:-0.0109,-0.0118,0.0015 q:0.715824,-0.001624,-0.698271 0.001709 wh:263,260,260,260 p:511,389 
21721 c:3.1414,0,1 w:0.0069,-0.0120,0.0090 q:0.714948,-0.002155,-0.699165 0.002213 wh:270,264,266,267 p:506,389 
21838 c:3.1414,0,1 w:0.0069,-0.0120,0.0090 q:0.714948,-0.002155,-0.699165 0.002213 wh:270,264,266,267 p:506,389 
21956 c:3.1414,0,1 w:0.0110,-0.0121,-0.0051 q:0.714133,-0.001474,-0.699996 0.003085 wh:262,261,264,265 p:510,389 
22077 c:3.1414,0,1 w:0.0021,-0.0140,-0.0104 q:0.713542,-0.000831,-0.700600 0.002877 wh:260,262,264,261 p:508,389 
22196 c:3.1414,0,1 w:-0.0118,-0.0108,-0.0037 q:0.712786,-0.000885,-0.701373 0.001637 wh:260,259,262,261 p:506,389 
22320 c:3.1414,0,1 w:-0.0118,-0.0108,-0.0037 q:0.712786,-0.000885,-0.701373 0.001637 wh:260,259,262,261 p:506,389 
22439 c:3.1414,0,1 w:-0.0025,-0.0060,0.0129 q:0.712282,-0.001947,-0.701883 0.001608 wh:261,262,265,264 p:512,389 
22559 c:3.1414,0,1 w:0.0133,-0.0065,0.0061 q:0.711987,-0.001895,-0.702180 0.002463 wh:259,262,267,266 p:504,389 
22678 c:3.1414,0,1 w:0.0133,-0.0065,0.0061 q:0.711987,-0.001895,-0.702180 0.002463 wh:259,262,267,266 p:504,389 
22800 c:3.1414,0,1 w:0.0058,-0.0073,-0.0058 q:0.711500,-0.001045,-0.702673 0.003053 wh:256,257,264,259 p:516,389 
22919 c:3.1414,0,1 w:-0.0070,-0.0066,-0.0101 q:0.710977,-0.000623,-0.703206 0.002026 wh:256,258,267,261 p:502,389 
23040 c:3.1414,0,1 w:-0.0070,-0.0066,-0.0101 q:0.710977,-0.000623,-0.703206 0.002026 wh:256,258,267,261 p:502,389 
23159 c:3.1414,0,1 w:-0.0052,-0.0053,0.0018 q:0.710740,-0.000934,-0.703446 0.001606 wh:256,261,270,265 p:504,389 
23279 c:3.1414,0,1 w:0.0026,-0.0034,0.0107 q:0.710463,-0.001522,-0.703724 0.002052 wh:255,262,269,264 p:519,389 
23401 c:3.1414,0,1 w:0.0081,-0.0042,-0.0026 q:0.710241,-0.001243,-0.703946 0.002613 wh:251,257,266,263 p:508,390 
23520 c:3.1414,0,1 w:0.0081,-0.0042,-0.0026 q:0.710241,-0.001243,-0.703946 0.002613 wh:251,257,266,263 p:508,390 
23640 c:3.1414,0,1 w:0.0006,-0.0037,-0.0100 q:0.710091,-0.000705,-0.704100 0.002380 wh:252,257,267,261 p:512,390 
23759 c:3.1414,0,1 w:-0.0109,-0.0019,-0.0048 q:0.709973,-0.000846,-0.704221 0.001449 wh:258,263,271,265 p:517,389 
23883 c:3.1414,0,1 w:-0.0109,-0.0019,-0.0048 q:0.709973,-0.000846,-0.704221 0.001449 wh:258,263,271,265 p:517,389 
24003 c:3.1414,0,1 w:-0.0023,-0.0056,0.0096 q:0.709671,-0.001530,-0.704524 0.001456 wh:253,259,267,261 p:506,389 
24123 c:3.1414,0,1 w:0.0069,-0.0054,0.0073 q:0.709440,-0.001673,-0.704755 0.002063 wh:253,261,269,264 p:498,389 
24242 c:3.1414,0,1 w:0.0069,-0.0054,0.0073 q:0.709440,-0.001673,-0.704755 0.002063 wh:253,261,269,264 p:498,389 
24364 c:3.1414,0,1 w:0.0052,-0.0042,-0.0066 q:0.709133,-0.001075,-0.705063 0.002423 wh:254,260,270,263 p:511,389 
24482 c:3.1414,0,1 w:-0.0067,-0.0041,-0.0071 q:0.708790,-0.000521,-0.705411 0.001599 wh:253,258,269,260 p:511,389 
24603 c:3.1414,0,1 w:-0.0089,-0.0030,0.0035 q:0.708624,-0.000932,-0.705578 0.001181 wh:252,260,268,262 p:506,389 
24722 c:3.1414,0,1 w:-0.0089,-0.0030,0.0035 q:0.708624,-0.000932,-0.705578 0.001181 wh:252,260,268,262 p:506,389 
24842 c:3.1414,0,1 w:0.0027,-0.0034,0.0093 q:0.708389,-0.001641,-0.705812 0.001657 wh:255,257,267,259 p:501,389 
24965 c:3.1414,0,1 w:0.0085,-0.0037,0.0007 q:0.708120,-0.001444,-0.706080 0.002568 wh:251,259,270,259 p:507,389 
25081 c:3.1414,0,1 w:0.0085,-0.0037,0.0007 q:0.708120,-0.001444,-0.706080 0.002568 wh:251,259,270,259 p:507,389 
25200 c:3.1414,0,1 w:0.0049,-0.0042,-0.0126 q:0.707942,-0.000801,-0.706260 0.002448 wh:254,257,269,263 p:505,389 
25320 c:3.1414,0,1 w:-0.0066,-0.0047,-0.0022 q:0.707725,-0.000462,-0.706479 0.001674 wh:251,256,268,258 p:503,389 
25444 c:3.1414,0,1 w:-0.0032,-0.0008,0.0110 q:0.707570,-0.001434,-0.706634 0.001689 wh:251,261,269,261 p:505,390 
25563 c:3.1414,0,1 w:-0.0032,-0.0008,0.0110 q:0.707570,-0.001434,-0.706634 0.001689 wh:251,261,269,261 p:505,390 
25682 c:3.1414,0,1 w:0.0078,-0.0018,0.0032 q:0.707525,-0.001540,-0.706678 0.002168 wh:255,262,275,264 p:501,389 
25801 c:3.1414,0,1 w:0.0076,-0.0010,-0.0090 q:0.707435,-0.000486,-0.706768 0.002507 wh:252,258,268,262 p:513,389 
25921 c:3.1414,0,1 w:0.0076,-0.0010,-0.0090 q:0.707435,-0.000486,-0.706768 0.002507 wh:252,258,268,262 p:513,389 
26044 c:3.1414,0,1 w:-0.0069,-0.0001,-0.0081 q:0.707372,0.000012,-0.706833 0.001779 wh:252,261,272,266 p:503,389 
26163 c:3.1414,0,1 w:-0.0116,0.0013,0.0032 q:0.707418,-0.000509,-0.706788 0.001311 wh:250,260,272,261 p:508,389 
26280 c:3.1414,0,1 w:-0.0116,0.0013,0.0032 q:0.707418,-0.000509,-0.706788 0.001311 wh:250,260,272,261 p:508,389 
26399 c:3.1414,0,1 w:0.0006,0.0007,0.0096 q:0.707517,-0.001479,-0.706687 0.001691 wh:250,260,272,261 p:511,389 
26536 c:3.1414,0,1 w:0.0052,-0.0022,-0.0026 q:0.707396,-0.001058,-0.706807 0.002206 wh:251,259,273,263 p:514,389 
26654 c:3.1414,0,1 w:0.0055,-0.0037,-0.0123 q:0.707254,-0.000211,-0.706950 0.002004 wh:252,258,272,262 p:502,390 
26774 c:3.1414,0,1 w:0.0055,-0.0037,-0.0123 q:0.707254,-0.000211,-0.706950 0.002004 wh:252,258,272,262 p:502,390 
26894 c:3.1414,0,1 w:-0.0095,-0.0010,-0.0019 q:0.707132,0.000022,-0.707075 0.001222 wh:250,257,267,262 p:514,389 
27014 c:3.1414,0,1 w:-0.0055,-0.0004,0.0108 q:0.707112,-0.001033,-0.707093 0.001164 wh:258,266,275,264 p:502,389 
27137 c:3.1414,0,1 w:-0.0055,-0.0004,0.0108 q:0.707112,-0.001033,-0.707093 0.001164 wh:258,266,275,264 p:502,389 
27264 c:3.1414,0,1 w:0.0041,0.0001,0.0102 q:0.707098,-0.001363,-0.707106 0.001674 wh:256,259,274,263 p:498,389 
27381 c:3.1414,0,1 w:0.0087,-0.0039,-0.0066 q:0.706865,-0.000871,-0.707339 0.002149 wh:253,257,270,263 p:501,389 
27500 c:3.1414,0,1 w:-0.0054,-0.0047,-0.0054 q:0.706540,-0.000229,-0.707665 0.001602 wh:252,257,268,260 p:513,389 
27624 c:3.1414,0,1 w:-0.0054,-0.0047,-0.0054 q:0.706540,-0.000229,-0.707665 0.001602 wh:252,257,268,260 p:513,389 
27744 c:3.1414,0,1 w:-0.0099,-0.0019,-0.0000 q:0.706389,-0.000583,-0.707817 0.001051 wh:254,260,269,263 p:517,389 
27865 c:3.1414,0,1 w:-0.0002,-0.0007,0.0090 q:0.706285,-0.001636,-0.707918 0.001374 wh:257,262,274,266 p:508,389 
27984 c:3.1414,0,1 w:-0.0002,-0.0007,0.0090 q:0.706285,-0.001636,-0.707918 0.001374 wh:257,262,274,266 p:508,389 
28103 c:3.1414,0,1 w:0.0067,-0.0025,0.0015 q:0.706205,-0.001600,-0.707998 0.001814 wh:253,258,269,260 p:506,389 
28226 c:3.1414,0,1 w:0.0078,-0.0024,-0.0116 q:0.706018,-0.000587,-0.708185 0.001829 wh:253,260,272,264 p:516,389 
28345 c:3.1414,0,1 w:0.0078,-0.0024,-0.0116 q:0.706018,-0.000587,-0.708185 0.001829 wh:253,260,272,264 p:516,389 
28464 c:3.1414,0,1 w:-0.0023,-0.0027,-0.0051 q:0.705833,0.000203,-0.708371 0.001331 wh:254,260,274,264 p:504,389 
28583 c:3.1414,0,1 w:-0.0081,-0.0004,0.0074 q:0.705776,-0.000351,-0.708428 0.001149 wh:251,259,270,264 p:503,389 
28706 c:3.1414,0,1 w:-0.0006,0.0001,0.0079 q:0.705737,-0.001319,-0.708465 0.001478 wh:247,260,269,263 p:503,389 
28824 c:3.1414,0,1 w:-0.0006,0.0001,0.0079 q:0.705737,-0.001319,-0.708465 0.001478 wh:247,260,269,263 p:503,389 
28943 c:3.1414,0,1 w:0.0056,0.0016,-0.0072 q:0.705846,-0.000900,-0.708357 0.001686 wh:254,265,274,268 p:505,389 
29062 c:3.1414,0,1 w:0.0075,0.0001,-0.0118 q:0.705893,-0.000024,-0.708311 0.001550 wh:249,262,272,261 p:505,389 
29180 c:3.1414,0,1 w:0.0075,0.0001,-0.0118 q:0.705893,-0.000024,-0.708311 0.001550 wh:249,262,272,261 p:505,389 
29302 c:3.1414,0,1 w:-0.0061,0.0011,0.0041 q:0.705944,-0.000061,-0.708260 0.001350 wh:245,256,268,258 p:509,389 
29420 c:3.1414,0,1 w:-0.0066,0.0001,0.0107 q:0.705933,-0.000908,-0.708271 0.001418 wh:250,258,272,261 p:504,389 
29539 c:3.1414,0,1 w:-0.0066,0.0001,0.0107 q:0.705933,-0.000908,-0.708271 0.001418 wh:250,258,272,261 p:504,389 
29657 c:3.1414,0,1 w:0.0038,-0.0030,0.0016 q:0.705743,-0.001406,-0.708458 0.001818 wh:250,260,270,263 p:500,389 
29779 c:3.1414,0,1 w:0.0096,-0.0037,-0.0097 q:0.705531,-0.000382,-0.708671 0.001856 wh:248,255,269,262 p:506,389 
29898 c:3.1414,0,1 w:0.0006,-0.0050,-0.0094 q:0.705305,0.000186,-0.708896 0.001529 wh:251,257,267,259 p:505,389 
30016 c:3.1414,0,1 w:0.0006,-0.0050,-0.0094 q:0.705305,0.000186,-0.708896 0.001529 wh:251,257,267,259 p:505,389 
30135 c:3.1414,0,1 w:-0.0112,-0.0037,0.0090 q:0.704916,-0.000660,-0.709283 0.001142 wh:251,258,271,262 p:507,389 
30255 c:3.1414,0,1 w:-0.0017,-0.0033,0.0062 q:0.704679,-0.001770,-0.709517 0.001387 wh:257,263,272,266 p:510,389 
30377 c:3.1414,0,1 w:-0.0017,-0.0033,0.0062 q:0.704679,-0.001770,-0.709517 0.001387 wh:257,263,272,266 p:510,389 
30496 c:3.1414,0,1 w:0.0088,-0.0034,-0.0075 q:0.704519,-0.001305,-0.709677 0.001520 wh:253,258,267,260 p:514,389 
30616 c:3.1414,0,1 w:0.0063,-0.0031,-0.0109 q:0.704287,0.000003,-0.709908 0.001394 wh:251,255,270,262 p:511,390 
30735 c:3.1414,0,1 w:0.0063,-0.0031,-0.0109 q:0.704287,0.000003,-0.709908 0.001394 wh:251,255,270,262 p:511,390 
30878 c:3.1414,0,1 w:-0.0015,-0.0033,-0.0007 q:0.704156,0.000198,-0.710039 0.001233 wh:251,259,268,260 p:497,389 
30999 c:3.1414,0,1 w:-0.0067,-0.0013,0.0108 q:0.703941,-0.000826,-0.710251 0.001233 wh:253,266,276,267 p:510,389 
31120 c:3.1414,0,1 w:0.0014,-0.0015,0.0007 q:0.703903,-0.001327,-0.710287 0.001455 wh:250,255,269,261 p:507,389 
31240 c:3.1414,0,1 w:0.0014,-0.0015,0.0007 q:0.703903,-0.001327,-0.710287 0.001455 wh:250,255,269,261 p:507,389 
31360 c:3.1414,0,1 w:0.0085,0.0014,-0.0100 q:0.703918,-0.000645,-0.710273 0.001505 wh:248,260,271,263 p:515,389 
31483 c:3.1414,0,1 w:-0.0008,0.0001,-0.0008 q:0.703938,-0.000041,-0.710254 0.001122 wh:253,262,274,266 p:502,389 
31605 c:3.1414,0,1 w:-0.0078,0.0002,0.0111 q:0.703977,-0.001011,-0.710215 0.001166 wh:247,258,271,259 p:490,389 
31725 c:3.1414,0,1 w:-0.0078,0.0002,0.0111 q:0.703977,-0.001011,-0.710215 0.001166 wh:247,258,271,259 p:490,389 
31845 c:3.1414,0,1 w:-0.0037,0.0024,0.0117 q:0.704080,-0.001796,-0.710110 0.001519 wh:250,263,277,262 p:513,389 
31969 c:3.1414,0,1 w:0.0052,0.0002,-0.0058 q:0.704089,-0.001574,-0.710101 0.001649 wh:245,255,271,260 p:511,389 
32089 c:3.1414,0,1 w:0.0052,0.0002,-0.0058 q:0.704089,-0.001574,-0.710101 0.001649 wh:245,255,271,260 p:511,389 
32208 c:3.1414,0,1 w:0.0090,-0.0033,-0.0126 q:0.703967,-0.000699,-0.710225 0.001448 wh:247,257,273,262 p:501,389 
32329 c:3.1414,0,1 w:-0.0014,-0.0044,-0.0003 q:0.703663,0.000147,-0.710526 0.001380 wh:251,261,274,265 p:497,389 
32454 c:3.1414,0,1 w:-0.0179,-0.0079,0.0195 q:0.703290,-0.001525,-0.710895 0.001083 wh:253,259,268,259 p:513,389 
32575 c:3.1414,0,1 w:-0.0179,-0.0079,0.0195 q:0.703290,-0.001525,-0.710895 0.001083 wh:253,259,268,259 p:513,389 
32697 c:3.1414,0,1 w:-0.0021,-0.0138,0.0142 q:0.702686,-0.002705,-0.711487 0.001439 wh:257,265,271,267 p:510,389 
