
Comms Startup 
576
585 c:3.1414,0,0 w:0.0000,0.0000,0.0000 q:0.000000,0.000000,0.000000 0.000000 wh:92,97,91,91 p:268,341 
694 c:3.1414,0,0 w:0.0000,0.0000,0.0000 q:0.000000,0.000000,0.000000 0.000000 wh:92,97,91,91 p:268,341 
802 c:3.1414,0,0 w:0.0000,0.0000,0.0000 q:0.000000,0.000000,0.000000 0.000000 wh:153,147,147,150 p:418,369 
916 c:3.1414,0,0 w:0.0000,0.0000,0.0000 q:0.000000,0.000000,0.000000 0.000000 wh:191,185,187,187 p:408,370 
1030 c:3.1414,0,0 w:0.0000,0.0000,0.0000 q:0.000000,0.000000,0.000000 0.000000 wh:191,185,187,187 p:408,370 
1147 c:3.1414,0,0 w:0.0000,0.0000,0.0000 q:0.000000,0.000000,0.000000 0.000000 wh:200,197,199,200 p:422,372 
1261 c:3.1414,0,0 w:0.0000,0.0000,0.0000 q:0.000000,0.000000,0.000000 0.000000 wh:223,221,218,219 p:446,377 
1375 c:3.1414,0,0 w:0.0000,0.0000,0.0000 q:0.000000,0.000000,0.000000 0.000000 wh:228,227,229,227 p:467,381 
1489 c:3.1414,0,0 w:0.0000,0.0000,0.0000 q:0.000000,0.000000,0.000000 0.000000 wh:228,227,229,227 p:467,381 
1604 c:3.1414,0,0 w:0.0000,0.0000,0.0000 q:0.000000,0.000000,0.000000 0.000000 wh:240,240,241,240 p:477,383 
1722 c:3.1414,0,0 w:0.0000,0.0000,0.0000 q:0.000000,0.000000,0.000000 0.000000 wh:249,247,247,249 p:476,384 
1835 c:3.1414,0,0 w:0.0000,0.0000,0.0000 q:0.000000,0.000000,0.000000 0.000000 wh:249,247,247,249 p:476,384 
1949 c:3.1414,0,0 w:0.0000,0.0000,0.0000 q:0.000000,0.000000,0.000000 0.000000 wh:253,253,256,255 p:475,385 
2063 c:3.1414,0,0 w:0.0000,0.0000,0.0000 q:0.000000,0.000000,0.000000 0.000000 wh:257,254,258,258 p:482,386 
2182 c:3.1414,0,0 w:0.0000,0.0000,0.0000 q:0.000000,0.000000,0.000000 0.000000 wh:257,254,258,258 p:482,386 
2294 c:3.1414,0,0 w:-0.0067,-0.0060,-0.0022 q:0.999963,-0.003161,-0.006454 -0.003822 wh:262,261,262,262 p:484,387 
2415 c:3.1414,0,0 w:-0.0032,0.0047,0.0103 q:0.999963,-0.003793,-0.006250 -0.003358 wh:267,264,268,266 p:499,388 
2534 c:3.1414,0,0 w:-0.0032,0.0047,0.0103 q:0.999963,-0.003793,-0.006250 -0.003358 wh:267,264,268,266 p:499,388 
2652 c:3.1414,0,0 w:0.0011,0.0141,0.0042 q:0.999971,-0.003409,-0.005395 -0.002813 wh:267,262,267,267 p:501,388 
2774 c:3.1414,0,0 w:0.0070,0.0177,0.0097 q:0.999981,-0.003221,-0.003749 -0.002170 wh:265,263,268,264 p:492,389 
2890 c:3.1414,0,0 w:-0.0043,0.0160,0.0068 q:0.999986,-0.003054,-0.002775 -0.001709 wh:265,261,264,267 p:496,389 
3009 c:3.1414,0,0 w:-0.0043,0.0160,0.0068 q:0.999986,-0.003054,-0.002775 -0.001709 wh:265,261,264,267 p:496,389 
3128 c:3.1414,0,0 w:-0.0024,0.0160,-0.0011 q:0.999988,-0.003424,-0.001310 -0.001593 wh:266,266,270,268 p:491,390 
3251 c:3.1414,0,0 w:-0.0041,0.0073,0.0012 q:0.999988,-0.003670,-0.000455 -0.001547 wh:270,263,267,271 p:507,390 
3368 c:3.1414,0,0 w:-0.0041,0.0073,0.0012 q:0.999988,-0.003670,-0.000455 -0.001547 wh:270,263,267,271 p:507,390 
3486 c:3.1414,0,0 w:0.0047,0.0009,0.0033 q:0.999988,-0.003590,-0.000210 -0.001225 wh:267,265,266,265 p:496,390 
3604 c:3.1414,0,0 w:-0.0041,-0.0025,0.0041 q:0.999988,-0.003676,-0.000304 -0.001016 wh:267,263,266,268 p:494,390 
3724 c:3.1414,0,0 w:-0.0041,-0.0025,0.0041 q:0.999988,-0.003676,-0.000304 -0.001016 wh:267,263,266,268 p:494,390 
3847 c:3.1414,0,0 w:-0.0006,-0.0025,-0.0022 q:0.999988,-0.003792,-0.000522 -0.001249 wh:268,265,267,266 p:505,390 
3968 c:3.1414,0,0 w:-0.0069,0.0010,0.0013 q:0.999986,-0.004107,-0.000501 -0.001286 wh:268,262,266,265 p:498,390 
4085 c:3.1414,0,0 w:-0.0073,0.0018,0.0120 q:0.999984,-0.004821,-0.000410 -0.000475 wh:266,264,268,268 p:489,390 
4204 c:3.1414,0,0 w:-0.0073,0.0018,0.0120 q:0.999984,-0.004821,-0.000410 -0.000475 wh:266,264,268,268 p:489,390 
4326 c:3.1414,0,0 w:0.0032,0.0004,0.0070 q:0.999983,-0.005053,-0.000319 0.000482 wh:269,265,265,270 p:498,390 
4442 c:3.1414,0,0 w:0.0083,0.0004,-0.0100 q:0.999986,-0.004329,-0.000257 0.000029 wh:268,265,265,271 p:492,390 
4558 c:3.1414,0,0 w:0.0083,0.0004,-0.0100 q:0.999986,-0.004329,-0.000257 0.000029 wh:268,265,265,271 p:492,390 
4676 c:3.1414,0,0 w:0.0018,0.0012,-0.0016 q:0.999988,-0.003888,-0.000177 -0.000371 wh:266,264,263,269 p:491,390 
4795 c:3.1414,0,0 w:-0.0075,0.0010,0.0042 q:0.999987,-0.004160,-0.000179 -0.000314 wh:267,267,269,271 p:513,391 
4917 c:3.1414,0,0 w:-0.0075,0.0010,0.0042 q:0.999987,-0.004160,-0.000179 -0.000314 wh:267,267,269,271 p:513,391 
5035 c:3.1414,0,0 w:-0.0055,0.0016,0.0175 q:0.999983,-0.004890,0.000015 0.001098 wh:270,264,269,271 p:501,390 
5151 c:3.1414,0,0 w:0.0032,0.0001,-0.0001 q:0.999983,-0.004846,0.000130 0.001616 wh:272,267,268,276 p:495,391 
5268 c:3.1414,0,0 w:0.0032,0.0001,-0.0001 q:0.999987,-0.004066,0.000145 0.000781 wh:264,263,264,267 p:505,391 
5388 c:3.1414,0,0 w:0.0080,-0.0014,-0.0160 q:0.999987,-0.004066,0.000145 0.000781 wh:264,263,264,267 p:505,391 
5504 c:3.1414,0,0 w:-0.0015,-0.0014,0.0030 q:0.999988,-0.003855,0.000124 0.000101 wh:270,268,268,270 p:501,391 
5621 c:3.1414,0,1 w:-0.0108,0.0019,0.0201 q:0.999984,-0.004575,0.000183 0.001547 wh:269,265,265,269 p:501,390 
5738 c:3.1414,0,1 w:-0.0108,0.0019,0.0201 q:0.999984,-0.004575,0.000183 0.001547 wh:269,265,265,269 p:501,390 
5855 c:3.1414,0,1 w:-0.0034,-0.0008,0.0067 q:0.999981,-0.004767,0.000286 0.002398 wh:269,263,269,268 p:496,391 
5976 c:3.1414,0,1 w:0.0050,0.0021,-0.0068 q:0.999982,-0.004634,0.000381 0.002331 wh:266,264,270,270 p:505,391 
6091 c:3.1414,0,1 w:0.0050,0.0021,-0.0068 q:0.999982,-0.004634,0.000381 0.002331 wh:266,264,270,270 p:505,391 
6207 c:3.1414,0,1 w:0.0040,0.0015,-0.0149 q:0.999988,-0.003818,0.000400 0.000891 wh:268,264,269,268 p:489,390 
6324 c:3.1414,0,1 w:-0.0023,0.0048,0.0114 q:0.999988,-0.003775,0.000655 0.001100 wh:264,267,272,266 p:480,388 
6440 c:3.1414,0,1 w:-0.0023,0.0048,0.0114 q:0.999988,-0.003775,0.000655 0.001100 wh:264,267,272,266 p:480,388 
6560 c:3.1414,0,1 w:-0.0072,0.0213,0.0158 q:0.999980,-0.004446,0.002050 0.002657 wh:262,263,277,270 p:493,388 
6676 c:3.1414,0,1 w:0.0066,0.0311,-0.0053 q:0.999971,-0.004464,0.004455 0.003085 wh:254,266,296,276 p:491,388 
6793 c:3.1414,0,1 w:0.0076,0.0400,-0.0185 q:0.999957,-0.003832,0.007760 0.001700 wh:239,265,307,268 p:486,388 
6908 c:3.1414,0,1 w:0.0076,0.0400,-0.0185 q:0.999957,-0.003832,0.007760 0.001700 wh:239,265,307,268 p:486,388 
7029 c:3.1414,0,1 w:0.0003,0.0496,-0.0005 q:0.999920,-0.003396,0.011796 0.000918 wh:235,261,310,267 p:485,388 
7144 c:3.1414,0,1 w:-0.0085,0.0584,0.0141 q:0.999874,-0.003787,0.015078 0.001592 wh:225,260,320,267 p:484,388 
7261 c:3.1414,0,1 w:-0.0085,0.0584,0.0141 q:0.999874,-0.003787,0.015078 0.001592 wh:225,260,320,267 p:484,388 
7377 c:3.1414,0,1 w:-0.0063,0.0679,0.0118 q:0.999763,-0.004422,0.020885 0.003049 wh:215,263,338,266 p:486,388 
7494 c:3.1414,0,1 w:0.0023,0.0790,-0.0112 q:0.999598,-0.004537,0.027710 0.002676 wh:210,265,346,266 p:484,387 
7614 c:3.1414,0,1 w:0.0023,0.0790,-0.0112 q:0.999598,-0.004537,0.027710 0.002676 wh:210,265,346,266 p:484,387 
7730 c:3.1414,0,1 w:0.0084,0.0871,-0.0201 q:0.999367,-0.003774,0.035247 0.000778 wh:198,261,357,263 p:491,387 
7845 c:3.1414,0,1 w:-0.0014,0.1003,0.0086 q:0.999028,-0.003638,0.043825 0.000708 wh:191,261,371,264 p:479,387 
7962 c:3.1414,0,1 w:-0.0014,0.1003,0.0086 q:0.999028,-0.003638,0.043825 0.000708 wh:191,261,371,264 p:479,387 
8082 c:3.1414,0,1 w:-0.0122,0.1091,0.0140 q:0.998567,-0.004468,0.053204 0.001973 wh:188,258,377,265 p:488,386 
8199 c:3.1414,0,1 w:-0.0030,0.1197,-0.0063 q:0.997950,-0.005015,0.063699 0.002187 wh:180,260,392,263 p:488,387 
8315 c:3.1414,0,1 w:0.0113,0.1279,-0.0202 q:0.997449,-0.004657,0.071161 0.001090 wh:173,259,405,262 p:484,387 
8432 c:3.1414,0,1 w:0.0113,0.1279,-0.0202 q:0.997449,-0.004657,0.071161 0.001090 wh:173,259,405,262 p:484,387 
8548 c:3.1414,0,1 w:0.0099,0.1365,-0.0115 q:0.996543,-0.003954,0.082932 -0.000573 wh:168,263,414,264 p:498,388 
8670 c:3.1414,0,1 w:-0.0064,0.1415,0.0086 q:0.995427,-0.004025,0.095391 -0.000389 wh:160,261,421,262 p:487,389 
8785 c:3.1414,0,1 w:-0.0064,0.1415,0.0086 q:0.995427,-0.004025,0.095391 -0.000389 wh:160,261,421,262 p:487,389 
8903 c:3.1414,0,1 w:-0.0116,0.1485,0.0057 q:0.994073,-0.005005,0.108561 0.000481 wh:152,260,428,263 p:495,389 
9020 c:3.1414,0,1 w:0.0057,0.1522,-0.0143 q:0.992470,-0.005213,0.122344 -0.000273 wh:148,263,430,262 p:490,389 
9141 c:3.1414,0,1 w:0.0057,0.1522,-0.0143 q:0.992470,-0.005213,0.122344 -0.000273 wh:148,263,430,262 p:490,389 
9257 c:3.1414,0,1 w:0.0116,0.1559,-0.0169 q:0.990682,-0.004344,0.136080 -0.002133 wh:141,265,434,267 p:493,389 
9375 c:3.1414,0,1 w:0.0046,0.1575,-0.0027 q:0.989347,-0.003918,0.145471 -0.002712 wh:136,262,432,264 p:499,390 
9493 c:3.1414,0,1 w:0.0046,0.1575,-0.0027 q:0.989347,-0.003918,0.145471 -0.002712 wh:136,262,432,264 p:499,390 
9610 c:3.1414,0,1 w:-0.0127,0.1618,0.0106 q:0.987136,-0.004446,0.159783 -0.001912 wh:131,264,433,264 p:504,390 
9732 c:3.1414,0,1 w:-0.0084,0.1659,-0.0002 q:0.984619,-0.005445,0.174597 -0.001456 wh:128,267,436,267 p:485,390 
9849 c:3.1414,0,1 w:0.0119,0.1681,-0.0214 q:0.981841,-0.005233,0.189586 -0.002953 wh:120,264,437,270 p:496,390 
9966 c:3.1414,0,1 w:0.0119,0.1681,-0.0214 q:0.981841,-0.005233,0.189586 -0.002953 wh:120,264,437,270 p:496,390 
10084 c:3.1414,0,1 w:0.0115,0.1711,-0.0088 q:0.978799,-0.004323,0.204710 -0.004491 wh:116,262,432,265 p:519,390 
10207 c:3.1414,0,1 w:-0.0037,0.1721,0.0012 q:0.976612,-0.004261,0.214901 -0.004476 wh:110,265,434,265 p:496,390 
10323 c:3.1414,0,1 w:-0.0037,0.1721,0.0012 q:0.976612,-0.004261,0.214901 -0.004476 wh:110,265,434,265 p:496,390 
10442 c:3.1414,0,1 w:-0.0162,0.1756,0.0070 q:0.973039,-0.005340,0.230532 -0.003609 wh:106,266,443,273 p:491,390 
10561 c:3.1414,0,1 w:-0.0012,0.1772,-0.0134 q:0.969121,-0.006105,0.246461 -0.004121 wh:100,267,439,270 p:496,390 
10681 c:3.1414,0,1 w:-0.0012,0.1772,-0.0134 q:0.969121,-0.006105,0.246461 -0.004121 wh:100,267,439,270 p:496,390 
10804 c:3.1414,0,1 w:0.0153,0.1826,-0.0127 q:0.964867,-0.005356,0.262600 -0.005966 wh:99,260,433,266 p:506,390 
10920 c:3.1414,0,1 w:0.0023,0.1824,0.0018 q:0.960282,-0.004514,0.278903 -0.006580 wh:91,262,440,264 p:500,390 
11037 c:3.1414,0,1 w:-0.0139,0.1853,0.0063 q:0.957070,-0.004967,0.289733 -0.006266 wh:89,267,444,269 p:498,391 
11154 c:3.1414,0,1 w:-0.0139,0.1853,0.0063 q:0.957070,-0.004967,0.289733 -0.006266 wh:89,267,444,269 p:498,391 
11276 c:3.1414,0,1 w:-0.0134,0.1892,-0.0030 q:0.951874,-0.006250,0.306357 -0.005812 wh:84,260,439,266 p:500,391 
11394 c:3.1414,0,1 w:0.0076,0.1908,-0.0156 q:0.946340,-0.006472,0.323019 -0.007044 wh:79,260,438,262 p:494,390 
11510 c:3.1414,0,1 w:0.0076,0.1908,-0.0156 q:0.946340,-0.006472,0.323019 -0.007044 wh:79,260,438,262 p:494,390 
11628 c:3.1414,0,1 w:0.0139,0.1893,-0.0047 q:0.940564,-0.005395,0.339458 -0.008364 wh:82,263,439,266 p:493,390 
11746 c:3.1414,0,1 w:0.0003,0.1878,0.0015 q:0.936566,-0.005028,0.350338 -0.008547 wh:83,260,435,265 p:505,390 
11866 c:3.1414,0,1 w:0.0003,0.1878,0.0015 q:0.936566,-0.005028,0.350338 -0.008547 wh:83,260,435,265 p:505,390 
11981 c:3.1414,0,1 w:-0.0195,0.1859,0.0013 q:0.930485,-0.006096,0.366182 -0.007917 wh:85,264,438,265 p:504,390 
12099 c:3.1414,0,1 w:-0.0043,0.1853,-0.0105 q:0.924000,-0.007172,0.382222 -0.008330 wh:91,264,438,265 p:500,391 
12217 c:3.1414,0,1 w:-0.0043,0.1853,-0.0105 q:0.924000,-0.007172,0.382222 -0.008330 wh:91,264,438,265 p:500,391 
12340 c:3.1414,0,1 w:0.0167,0.1829,-0.0114 q:0.917444,-0.006591,0.397676 -0.009976 wh:92,263,438,267 p:494,391 
12456 c:3.1414,0,1 w:0.0122,0.1812,-0.0034 q:0.912930,-0.005804,0.407924 -0.010677 wh:93,264,435,264 p:499,391 
12573 c:3.1414,0,1 w:-0.0108,0.1789,0.0022 q:0.906079,-0.005716,0.422933 -0.010355 wh:96,264,432,266 p:501,391 
12691 c:3.1414,0,1 w:-0.0108,0.1789,0.0022 q:0.906079,-0.005716,0.422933 -0.010355 wh:96,264,432,266 p:501,391 
12809 c:3.1414,0,1 w:-0.0169,0.1785,-0.0088 q:0.898896,-0.007154,0.437977 -0.010113 wh:96,263,436,267 p:500,390 
12931 c:3.1414,0,1 w:0.0058,0.1736,-0.0109 q:0.891574,-0.007627,0.452668 -0.011022 wh:100,265,431,265 p:502,391 
13048 c:3.1414,0,1 w:0.0058,0.1736,-0.0109 q:0.891574,-0.007627,0.452668 -0.011022 wh:100,265,431,265 p:502,391 
13167 c:3.1414,0,1 w:0.0173,0.1701,-0.0077 q:0.886808,-0.006886,0.461922 -0.011982 wh:106,262,427,264 p:498,391 
13286 c:3.1414,0,1 w:0.0029,0.1637,0.0034 q:0.879678,-0.005849,0.475359 -0.012551 wh:112,273,434,270 p:490,391 
13407 c:3.1414,0,1 w:0.0029,0.1637,0.0034 q:0.879678,-0.005849,0.475359 -0.012551 wh:112,273,434,270 p:490,391 
13546 c:3.1414,0,1 w:-0.0195,0.1530,-0.0037 q:0.872743,-0.006784,0.487974 -0.012130 wh:114,265,411,267 p:495,390 
13665 c:3.1414,0,1 w:-0.0075,0.1516,-0.0066 q:0.865635,-0.008160,0.500454 -0.012149 wh:118,259,401,266 p:501,391 
13785 c:3.1414,0,1 w:0.0167,0.1472,-0.0042 q:0.858716,-0.007433,0.512222 -0.013066 wh:124,264,403,269 p:493,391 
13903 c:3.1414,0,1 w:0.0167,0.1472,-0.0042 q:0.858716,-0.007433,0.512222 -0.013066 wh:124,264,403,269 p:493,391 
14025 c:3.1414,0,1 w:0.0144,0.1421,-0.0030 q:0.854204,-0.006520,0.519704 -0.013858 wh:132,264,402,269 p:485,390 
14143 c:3.1414,0,1 w:-0.0090,0.1371,0.0002 q:0.847513,-0.006264,0.530547 -0.013919 wh:136,265,389,265 p:493,390 
14262 c:3.1414,0,1 w:-0.0090,0.1371,0.0002 q:0.840870,-0.007927,0.530547 -0.013919 wh:136,265,389,265 p:499,391 
14380 c:3.1414,0,1 w:-0.0209,0.1314,-0.0079 q:0.840870,-0.007927,0.541002 -0.013571 wh:135,260,389,264 p:499,391 
14503 c:3.1414,0,1 w:0.0441,0.1282,-0.0017 q:0.834257,-0.007427,0.551129 -0.014422 wh:149,271,390,273 p:498,391 
14621 c:3.1414,0,1 w:0.0170,0.1229,-0.0014 q:0.830047,-0.006652,0.557444 -0.015019 wh:148,264,380,269 p:493,390 
14739 c:3.1414,0,1 w:0.0170,0.1229,-0.0014 q:0.830047,-0.006652,0.557444 -0.015019 wh:148,264,380,269 p:493,390 
14858 c:3.1414,0,1 w:0.0093,0.1180,-0.0005 q:0.824004,-0.005415,0.566332 -0.015739 wh:149,263,373,265 p:487,391 
14977 c:3.1414,0,1 w:-0.0166,0.1097,-0.0047 q:0.817999,-0.006064,0.574971 -0.015503 wh:157,263,368,266 p:492,390 
15099 c:3.1414,0,1 w:-0.0166,0.1097,-0.0047 q:0.817999,-0.006064,0.574971 -0.015503 wh:157,263,368,266 p:492,390 
15218 c:3.1414,0,1 w:-0.0133,0.1079,-0.0053 q:0.812095,-0.007567,0.583273 -0.015093 wh:164,265,369,268 p:491,390 
15338 c:3.1414,0,1 w:0.0127,0.1038,0.0024 q:0.806351,-0.007083,0.591184 -0.015549 wh:163,263,361,265 p:499,390 
15456 c:3.1414,0,1 w:0.0127,0.1038,0.0024 q:0.802822,-0.006010,0.591184 -0.015549 wh:163,263,361,265 p:504,391 
15577 c:3.1414,0,1 w:0.0177,0.0984,0.0041 q:0.802822,-0.006010,0.595966 -0.015997 wh:168,260,352,263 p:504,391 
15693 c:3.1414,0,1 w:-0.0032,0.0928,-0.0014 q:0.797656,-0.005407,0.602860 -0.016322 wh:175,261,352,265 p:499,390 
15812 c:3.1414,0,1 w:-0.0189,0.0888,-0.0083 q:0.792526,-0.006721,0.609588 -0.015869 wh:178,264,349,265 p:491,390 
15932 c:3.1414,0,1 w:-0.0189,0.0888,-0.0083 q:0.792526,-0.006721,0.609588 -0.015869 wh:178,264,349,265 p:491,390 
16052 c:3.1414,0,1 w:0.0023,0.0832,-0.0036 q:0.787607,-0.007527,0.615919 -0.015913 wh:184,261,342,264 p:504,390 
16174 c:3.1414,0,1 w:0.0127,0.0829,0.0050 q:0.784497,-0.006839,0.619878 -0.016114 wh:186,260,335,263 p:503,390 
16290 c:3.1414,0,1 w:0.0127,0.0829,0.0050 q:0.784497,-0.006839,0.619878 -0.016114 wh:186,260,335,263 p:503,390 
16408 c:3.1414,0,1 w:0.0139,0.0755,0.0022 q:0.780147,-0.005259,0.625342 -0.016773 wh:191,263,337,264 p:502,390 
16526 c:3.1414,0,1 w:-0.0121,0.0722,-0.0050 q:0.775890,-0.005589,0.630614 -0.016763 wh:197,262,332,264 p:495,390 
16649 c:3.1414,0,1 w:-0.0136,0.0691,-0.0045 q:0.771715,-0.006916,0.635717 -0.016240 wh:201,261,328,267 p:497,390 
16768 c:3.1414,0,1 w:-0.0136,0.0691,-0.0045 q:0.771715,-0.006916,0.635717 -0.016240 wh:201,261,328,267 p:497,390 
16887 c:3.1414,0,1 w:-0.0020,0.0681,0.0016 q:0.768986,-0.007186,0.639017 -0.016056 wh:201,264,326,269 p:496,390 
17006 c:3.1414,0,1 w:0.0167,0.0607,0.0051 q:0.765227,-0.005733,0.643518 -0.016441 wh:206,260,322,266 p:501,390 
17124 c:3.1414,0,1 w:0.0167,0.0607,0.0051 q:0.765227,-0.005733,0.643518 -0.016441 wh:206,260,322,266 p:501,390 
17245 c:3.1414,0,1 w:0.0025,0.0595,0.0012 q:0.761770,-0.004882,0.647602 -0.016933 wh:212,265,319,266 p:488,391 
17360 c:3.1414,0,1 w:-0.0168,0.0554,-0.0068 q:0.758276,-0.005919,0.651688 -0.016615 wh:211,263,315,266 p:491,391 
17480 c:3.1414,0,1 w:-0.0168,0.0554,-0.0068 q:0.758276,-0.005919,0.651688 -0.016615 wh:211,263,315,266 p:491,391 
17600 c:3.1414,0,1 w:-0.0131,0.0519,-0.0047 q:0.756055,-0.006719,0.654263 -0.016301 wh:215,267,313,267 p:495,390 
17724 c:3.1414,0,1 w:0.0112,0.0500,0.0071 q:0.752921,-0.006202,0.657874 -0.016237 wh:219,262,309,263 p:498,390 
17840 c:3.1414,0,1 w:0.0131,0.0450,0.0054 q:0.750024,-0.004617,0.661175 -0.016757 wh:218,263,305,262 p:504,390 
17957 c:3.1414,0,1 w:0.0131,0.0450,0.0054 q:0.750024,-0.004617,0.661175 -0.016757 wh:218,263,305,262 p:504,390 
18075 c:3.1414,0,1 w:-0.0090,0.0430,-0.0077 q:0.747336,-0.004817,0.664204 -0.017023 wh:225,264,306,269 p:492,391 
18195 c:3.1414,0,1 w:-0.0165,0.0424,-0.0083 q:0.745514,-0.005884,0.666246 -0.016772 wh:226,262,303,268 p:493,390 
18318 c:3.1414,0,1 w:-0.0165,0.0424,-0.0083 q:0.745514,-0.005884,0.666246 -0.016772 wh:226,262,303,268 p:493,390 
18437 c:3.1414,0,1 w:-0.0037,0.0387,0.0047 q:0.742943,-0.006421,0.669122 -0.016173 wh:227,261,297,265 p:506,390 
18555 c:3.1414,0,1 w:0.0177,0.0387,0.0060 q:0.740483,-0.004991,0.671850 -0.016406 wh:232,261,297,265 p:508,391 
18672 c:3.1414,0,1 w:0.0177,0.0387,0.0060 q:0.740483,-0.004991,0.671850 -0.016406 wh:232,261,297,265 p:508,391 
18794 c:3.1414,0,1 w:0.0031,0.0334,-0.0011 q:0.738293,-0.004184,0.674248 -0.016933 wh:232,265,294,265 p:498,390 
18912 c:3.1414,0,1 w:-0.0111,0.0337,-0.0076 q:0.736798,-0.004722,0.675878 -0.016938 wh:239,264,294,269 p:492,391 
19031 c:3.1414,0,1 w:-0.0111,0.0337,-0.0076 q:0.736798,-0.004722,0.675878 -0.016938 wh:239,264,294,269 p:492,391 
19150 c:3.1414,0,1 w:-0.0139,0.0305,-0.0005 q:0.734758,-0.005973,0.678101 -0.016289 wh:238,264,292,267 p:508,390 
19270 c:3.1414,0,1 w:0.0099,0.0300,0.0108 q:0.732854,-0.005365,0.680171 -0.015963 wh:239,261,289,265 p:508,390 
19391 c:3.1414,0,1 w:0.0148,0.0262,0.0024 q:0.731068,-0.003654,0.682089 -0.016500 wh:241,265,288,265 p:499,391 
19508 c:3.1414,0,1 w:0.0148,0.0262,0.0024 q:0.731068,-0.003654,0.682089 -0.016500 wh:241,265,288,265 p:499,391 
19625 c:3.1414,0,1 w:0.0005,0.0245,-0.0053 q:0.730034,-0.003576,0.683188 -0.016860 wh:242,260,285,262 p:498,390 
19744 c:3.1414,0,1 w:-0.0182,0.0245,-0.0022 q:0.728404,-0.004827,0.684928 -0.016427 wh:244,265,283,268 p:492,391 
19867 c:3.1414,0,1 w:-0.0182,0.0245,-0.0022 q:0.728404,-0.004827,0.684928 -0.016427 wh:244,265,283,268 p:492,391 
19986 c:3.1414,0,1 w:-0.0047,0.0232,0.0065 q:0.726860,-0.005295,0.686582 -0.015583 wh:245,263,285,267 p:490,391 
20105 c:3.1414,0,1 w:0.0157,0.0233,0.0085 q:0.725426,-0.003964,0.688103 -0.015702 wh:246,264,279,265 p:504,391 
20222 c:3.1414,0,1 w:0.0157,0.0233,0.0085 q:0.725426,-0.003964,0.688103 -0.015702 wh:246,264,279,265 p:504,391 
20339 c:3.1414,0,1 w:0.0144,0.0212,0.0025 q:0.724528,-0.003001,0.689041 -0.016244 wh:245,261,277,264 p:494,390 
20461 c:3.1414,0,1 w:-0.0114,0.0178,-0.0106 q:0.723330,-0.003574,0.690288 -0.016564 wh:247,260,279,264 p:504,390 
20580 c:3.1414,0,1 w:-0.0147,0.0198,0.0001 q:0.722016,-0.004795,0.691673 -0.015794 wh:249,261,277,266 p:489,391 
20698 c:3.1414,0,1 w:-0.0147,0.0198,0.0001 q:0.722016,-0.004795,0.691673 -0.015794 wh:249,261,277,266 p:489,391 
20816 c:3.1414,0,1 w:0.0076,0.0193,0.0115 q:0.720743,-0.004082,0.693018 -0.015190 wh:248,261,278,267 p:486,390 
20937 c:3.1414,0,1 w:0.0173,0.0195,0.0067 q:0.719949,-0.003044,0.693842 -0.015469 wh:250,262,276,264 p:492,390 
21054 c:3.1414,0,1 w:0.0173,0.0195,0.0067 q:0.719949,-0.003044,0.693842 -0.015469 wh:250,262,276,264 p:492,390 
21172 c:3.1414,0,1 w:0.0031,0.0161,-0.0050 q:0.718847,-0.002446,0.694967 -0.016303 wh:249,260,278,265 p:484,390 
21291 c:3.1414,0,1 w:-0.0133,0.0161,-0.0057 q:0.717736,-0.003571,0.696110 -0.016257 wh:252,260,276,265 p:489,390 
21410 c:3.1414,0,1 w:-0.0133,0.0161,-0.0057 q:0.717736,-0.003571,0.696110 -0.016257 wh:252,260,276,265 p:489,390 
21533 c:3.1414,0,1 w:-0.0105,0.0160,0.0010 q:0.717020,-0.004120,0.696857 -0.015718 wh:252,263,275,265 p:505,391 
21651 c:3.1414,0,1 w:0.0115,0.0140,0.0134 q:0.715990,-0.003092,0.697931 -0.015224 wh:256,261,275,266 p:492,390 
21769 c:3.1414,0,1 w:0.0136,0.0146,0.0016 q:0.715071,-0.001691,0.698864 -0.015807 wh:257,260,274,265 p:489,390 
21885 c:3.1414,0,1 w:0.0136,0.0146,0.0016 q:0.715071,-0.001691,0.698864 -0.015807 wh:257,260,274,265 p:489,390 
22007 c:3.1414,0,1 w:-0.0084,0.0112,-0.0091 q:0.714302,-0.002161,0.699636 -0.016386 wh:258,263,273,265 p:500,391 
22125 c:3.1414,0,1 w:-0.0159,0.0112,-0.0001 q:0.713804,-0.002956,0.700154 -0.015873 wh:259,262,273,266 p:502,391 
22245 c:3.1414,0,1 w:-0.0159,0.0112,-0.0001 q:0.713804,-0.002956,0.700154 -0.015873 wh:259,262,273,266 p:502,391 
22365 c:3.1414,0,1 w:-0.0011,0.0109,0.0105 q:0.713084,-0.002869,0.700911 -0.014803 wh:259,265,273,265 p:499,391 
22483 c:3.1414,0,1 w:0.0156,0.0096,0.0082 q:0.712446,-0.001509,0.701564 -0.014729 wh:262,262,267,268 p:495,391 
22604 c:3.1414,0,1 w:0.0156,0.0096,0.0082 q:0.711903,-0.000861,0.702096 -0.015710 wh:262,262,267,268 p:492,390 
22721 c:3.1414,0,1 w:0.0080,0.0074,-0.0072 q:0.711903,-0.000861,0.702096 -0.015710 wh:257,262,268,266 p:492,390 
22840 c:3.1414,0,1 w:-0.0102,0.0068,-0.0092 q:0.711631,-0.001547,0.702366 -0.015878 wh:264,266,270,270 p:499,390 
22960 c:3.1414,0,1 w:-0.0133,0.0083,0.0057 q:0.711173,-0.002503,0.702850 -0.014857 wh:264,266,269,265 p:484,390 
23081 c:3.1414,0,1 w:-0.0133,0.0083,0.0057 q:0.711173,-0.002503,0.702850 -0.014857 wh:264,266,269,265 p:484,390 
23199 c:3.1414,0,1 w:0.0092,0.0056,0.0103 q:0.710650,-0.001641,0.703394 -0.014217 wh:261,260,264,267 p:491,390 
23317 c:3.1414,0,1 w:0.0153,0.0057,0.0004 q:0.710238,-0.000464,0.703797 -0.014929 wh:258,262,266,265 p:489,390 
23435 c:3.1414,0,1 w:0.0153,0.0057,0.0004 q:0.710238,-0.000464,0.703797 -0.014929 wh:258,262,266,265 p:489,390 
23552 c:3.1414,0,1 w:0.0038,0.0076,-0.0105 q:0.709895,-0.000556,0.704128 -0.015612 wh:262,264,271,267 p:497,390 
23674 c:3.1414,0,1 w:-0.0140,0.0059,-0.0025 q:0.709459,-0.001628,0.704571 -0.015400 wh:263,263,269,265 p:484,390 
23793 c:3.1414,0,1 w:-0.0140,0.0059,-0.0025 q:0.709459,-0.001628,0.704571 -0.015400 wh:263,263,269,265 p:484,390 
23912 c:3.1414,0,1 w:-0.0047,0.0085,0.0111 q:0.708925,-0.001652,0.705133 -0.014191 wh:256,259,266,262 p:489,390 
24031 c:3.1414,0,1 w:0.0145,0.0088,0.0048 q:0.708340,-0.000362,0.705721 -0.014228 wh:260,260,267,264 p:495,390 
24153 c:3.1414,0,1 w:0.0124,0.0079,-0.0037 q:0.707971,0.000156,0.706080 -0.014816 wh:262,264,268,266 p:493,390 
24268 c:3.1414,0,1 w:0.0124,0.0079,-0.0037 q:0.707971,0.000156,0.706080 -0.014816 wh:262,264,268,266 p:493,390 
24386 c:3.1414,0,1 w:-0.0047,0.0059,-0.0112 q:0.707566,-0.000442,0.706470 -0.015543 wh:260,260,266,264 p:498,390 
24506 c:3.1414,0,1 w:-0.0134,0.0074,0.0057 q:0.707144,-0.001246,0.706914 -0.014481 wh:258,258,265,262 p:491,390 
24625 c:3.1414,0,1 w:-0.0134,0.0074,0.0057 q:0.707144,-0.001246,0.706914 -0.014481 wh:258,258,265,262 p:491,390 
24747 c:3.1414,0,1 w:0.0050,0.0056,0.0103 q:0.706727,-0.000669,0.707347 -0.013695 wh:263,263,267,264 p:504,390 
24863 c:3.1414,0,1 w:0.0139,0.0064,0.0001 q:0.706310,0.000606,0.707758 -0.013988 wh:264,264,268,265 p:497,390 
24980 c:3.1414,0,1 w:0.0139,0.0064,0.0001 q:0.706310,0.000606,0.707758 -0.013988 wh:264,264,268,265 p:497,390 
25096 c:3.1414,0,1 w:0.0061,0.0035,-0.0123 q:0.706123,0.000494,0.707925 -0.014946 wh:262,260,266,267 p:518,390 
25218 c:3.1414,0,1 w:-0.0107,0.0042,-0.0004 q:0.705869,-0.000393,0.708179 -0.014924 wh:264,264,266,267 p:492,390 
25336 c:3.1414,0,1 w:-0.0059,0.0022,0.0131 q:0.705647,-0.000465,0.708426 -0.013644 wh:263,261,264,265 p:511,390 
25455 c:3.1414,0,1 w:-0.0059,0.0022,0.0131 q:0.705647,-0.000465,0.708426 -0.013644 wh:263,261,264,265 p:511,390 
25574 c:3.1414,0,1 w:0.0122,0.0059,0.0077 q:0.705310,0.000590,0.708768 -0.013263 wh:262,265,265,264 p:502,390 
25690 c:3.1414,0,1 w:0.0141,0.0030,-0.0045 q:0.705132,0.001199,0.708932 -0.013960 wh:264,261,261,264 p:489,390 
25811 c:3.1414,0,1 w:0.0141,0.0030,-0.0045 q:0.705132,0.001199,0.708932 -0.013960 wh:264,261,261,264 p:489,390 
25927 c:3.1414,0,1 w:-0.0035,0.0033,-0.0097 q:0.704946,0.000812,0.709098 -0.014886 wh:267,265,265,268 p:509,390 
26046 c:3.1414,0,1 w:-0.0147,0.0060,0.0097 q:0.704572,0.000247,0.709493 -0.013788 wh:265,260,264,266 p:488,390 
26164 c:3.1414,0,1 w:-0.0147,0.0060,0.0097 q:0.704572,0.000247,0.709493 -0.013788 wh:265,260,264,266 p:488,390 
26285 c:3.1414,0,1 w:-0.0055,0.0442,0.0167 q:0.703436,0.000648,0.710638 -0.012747 wh:262,261,265,264 p:506,390 
26401 c:3.1414,0,1 w:0.0136,0.0045,0.0031 q:0.703106,0.001720,0.710964 -0.012679 wh:264,262,268,267 p:497,390 
26518 c:3.1414,0,1 w:0.0101,0.0047,-0.0085 q:0.702764,0.002136,0.711279 -0.013879 wh:265,265,266,267 p:504,390 
26649 c:3.1414,0,1 w:0.0101,0.0047,-0.0085 q:0.702764,0.002136,0.711279 -0.013879 wh:265,265,266,267 p:504,390 
26766 c:3.1414,0,1 w:-0.0114,0.0027,-0.0025 q:0.702613,0.001395,0.711428 -0.013973 wh:261,258,261,262 p:506,390 
26897 c:3.1414,0,1 w:-0.0128,0.0041,0.0105 q:0.702442,0.001181,0.711615 -0.013047 wh:265,259,262,263 p:502,390 
27014 c:3.1414,0,1 w:-0.0128,0.0041,0.0105 q:0.702442,0.001181,0.711615 -0.013047 wh:265,259,262,263 p:502,390 
27130 c:3.1414,0,1 w:0.0046,0.0022,0.0131 q:0.702272,0.001965,0.711798 -0.012063 wh:269,260,262,265 p:495,390 
27247 c:3.1414,0,1 w:0.0105,-0.0014,-0.0062 q:0.702277,0.002747,0.711779 -0.012694 wh:265,260,261,262 p:495,390 
27369 c:3.1414,0,1 w:0.0044,-0.0016,-0.0111 q:0.702353,0.002570,0.711692 -0.013404 wh:268,260,260,262 p:498,391 
27487 c:3.1414,0,1 w:0.0044,-0.0016,-0.0111 q:0.702353,0.002570,0.711692 -0.013404 wh:268,260,260,262 p:498,391 
27606 c:3.1414,0,1 w:-0.0096,-0.0022,0.0044 q:0.702483,0.002035,0.711572 -0.013080 wh:274,262,260,266 p:490,391 
27724 c:3.1414,0,1 w:-0.0034,0.0001,0.0176 q:0.702582,0.002535,0.711499 -0.011511 wh:272,264,257,264 p:501,390 
27841 c:3.1414,0,1 w:-0.0034,0.0001,0.0176 q:0.702582,0.002535,0.711499 -0.011511 wh:272,264,257,264 p:501,390 
27963 c:3.1414,0,1 w:0.0072,-0.0005,0.0016 q:0.702668,0.003431,0.711414 -0.011299 wh:267,260,256,261 p:506,390 
28079 c:3.1414,0,1 w:0.0098,-0.0013,-0.0050 q:0.702715,0.003727,0.711358 -0.011818 wh:269,260,260,262 p:502,390 
28197 c:3.1414,0,1 w:0.0098,-0.0013,-0.0050 q:0.702715,0.003727,0.711358 -0.011818 wh:269,260,260,262 p:502,390 
28316 c:3.1414,0,1 w:-0.0037,0.0012,-0.0053 q:0.702723,0.003390,0.711340 -0.012492 wh:266,261,257,266 p:491,390 
28439 c:3.1414,0,1 w:-0.0098,0.0019,0.0102 q:0.702596,0.003284,0.711481 -0.011581 wh:269,263,265,268 p:489,390 
28556 c:3.1414,0,1 w:-0.0049,0.0051,0.0172 q:0.702429,0.003772,0.711661 -0.010500 wh:261,261,261,263 p:492,390 
28673 c:3.1414,0,1 w:-0.0049,0.0051,0.0172 q:0.702429,0.003772,0.711661 -0.010500 wh:261,261,261,263 p:492,390 
28790 c:3.1414,0,1 w:0.0136,0.0050,0.0005 q:0.702059,0.004663,0.712020 -0.010486 wh:268,264,265,266 p:505,390 
28907 c:3.1414,0,1 w:0.0038,0.0050,-0.0115 q:0.701727,0.004358,0.712329 -0.011753 wh:259,260,263,266 p:498,390 
29028 c:3.1414,0,1 w:0.0038,0.0050,-0.0115 q:0.701727,0.004358,0.712329 -0.011753 wh:259,260,263,266 p:498,390 
29145 c:3.1414,0,1 w:-0.0087,0.0080,0.0050 q:0.701250,0.003950,0.712804 -0.011571 wh:261,261,268,267 p:490,390 
29262 c:3.1414,0,1 w:-0.0093,0.0057,0.0128 q:0.700987,0.004050,0.713076 -0.010739 wh:264,263,267,267 p:494,390 
29379 c:3.1414,0,1 w:-0.0093,0.0057,0.0128 q:0.700987,0.004050,0.713076 -0.010739 wh:264,263,267,267 p:494,390 
29497 c:3.1414,0,1 w:0.0058,0.0056,0.0083 q:0.700636,0.004790,0.713428 -0.009907 wh:260,262,268,266 p:504,390 
29618 c:3.1414,0,1 w:0.0095,0.0044,-0.0091 q:0.700279,0.005097,0.713766 -0.010647 wh:263,259,263,264 p:497,390 
29734 c:3.1414,0,1 w:0.0034,0.0024,-0.0109 q:0.700147,0.004865,0.713886 -0.011340 wh:263,261,262,264 p:488,390 
29851 c:3.1414,0,1 w:0.0034,0.0024,-0.0109 q:0.700147,0.004865,0.713886 -0.011340 wh:263,261,262,264 p:488,390 
29969 c:3.1414,0,1 w:-0.0064,0.0024,0.0057 q:0.699993,0.004640,0.714042 -0.011140 wh:266,261,261,265 p:491,390 
30090 c:3.1414,0,1 w:-0.0043,0.0018,0.0147 q:0.699901,0.005109,0.714148 -0.009843 wh:269,261,264,265 p:496,390 
30206 c:3.1414,0,1 w:-0.0043,0.0018,0.0147 q:0.699901,0.005109,0.714148 -0.009843 wh:269,261,264,265 p:496,390 
30324 c:3.1414,0,1 w:0.0107,0.0009,-0.0004 q:0.699832,0.005796,0.714210 -0.009837 wh:267,261,260,263 p:507,391 
30442 c:3.1414,0,1 w:0.0096,-0.0017,-0.0101 q:0.699881,0.005811,0.714150 -0.010664 wh:266,259,258,262 p:487,390 
30560 c:3.1414,0,1 w:0.0096,-0.0017,-0.0101 q:0.699881,0.005811,0.714150 -0.010664 wh:266,259,258,262 p:487,390 
30683 c:3.1414,0,1 w:-0.0050,-0.0002,-0.0002 q:0.699946,0.005378,0.714082 -0.011184 wh:266,263,257,263 p:501,390 
30801 c:3.1414,0,1 w:-0.0092,0.0018,0.0193 q:0.699871,0.005643,0.714175 -0.009733 wh:265,259,257,261 p:499,390 
30918 c:3.1414,0,1 w:-0.0034,0.0039,0.0123 q:0.699762,0.006135,0.714289 -0.008838 wh:262,262,259,266 p:494,390 
31036 c:3.1414,0,1 w:-0.0034,0.0039,0.0123 q:0.699762,0.006135,0.714289 -0.008838 wh:262,262,259,266 p:494,390 
31157 c:3.1414,0,1 w:0.0093,0.0057,-0.0047 q:0.699525,0.006460,0.714514 -0.009107 wh:261,260,261,264 p:500,390 
31273 c:3.1414,0,1 w:0.0054,0.0053,-0.0112 q:0.699160,0.006324,0.714855 -0.010439 wh:266,265,272,271 p:497,390 
31391 c:3.1414,0,1 w:0.0054,0.0053,-0.0112 q:0.699160,0.006324,0.714855 -0.010439 wh:266,265,272,271 p:497,390 
31509 c:3.1414,0,1 w:-0.0059,0.0059,0.0070 q:0.698785,0.006174,0.715227 -0.010129 wh:263,262,265,265 p:499,391 
31626 c:3.1414,0,1 w:-0.0067,0.0088,0.0163 q:0.698437,0.006552,0.715576 -0.009180 wh:257,260,266,264 p:497,390 
31748 c:3.1414,0,1 w:-0.0067,0.0088,0.0163 q:0.698437,0.006552,0.715576 -0.009180 wh:257,260,266,264 p:497,390 
31863 c:3.1414,0,1 w:0.0011,0.0082,0.0053 q:0.697918,0.007112,0.716087 -0.008406 wh:261,262,266,263 p:504,390 
31980 c:3.1414,0,1 w:0.0102,0.0047,-0.0118 q:0.697441,0.007096,0.716539 -0.009425 wh:261,263,264,266 p:496,390 
32098 c:3.1414,0,1 w:0.0102,0.0047,-0.0118 q:0.697441,0.007096,0.716539 -0.009425 wh:261,263,264,266 p:496,390 
32219 c:3.1414,0,1 w:0.0002,0.0065,0.0001 q:0.697030,0.006952,0.716930 -0.010149 wh:258,259,263,263 p:496,390 
32334 c:3.1414,0,1 w:-0.0047,0.0060,0.0109 q:0.696755,0.007129,0.717202 -0.009691 wh:263,263,263,264 p:504,390 
32452 c:3.1414,0,1 w:-0.0069,0.0045,0.0120 q:0.696441,0.007606,0.717519 -0.008317 wh:261,261,262,262 p:502,390 
32569 c:3.1414,0,1 w:-0.0069,0.0045,0.0120 q:0.696441,0.007606,0.717519 -0.008317 wh:261,261,262,262 p:502,390 
32687 c:3.1414,0,1 w:0.0073,0.0036,-0.0065 q:0.696180,0.007876,0.717769 -0.008408 wh:265,261,263,267 p:494,390 
32807 c:3.1414,0,1 w:0.0116,0.0009,-0.0091 q:0.696051,0.007900,0.717877 -0.009724 wh:271,265,267,269 p:482,390 
32924 c:3.1414,0,1 w:0.0116,0.0009,-0.0091 q:0.696051,0.007900,0.717877 -0.009724 wh:271,265,267,269 p:482,390 
33042 c:3.1414,0,1 w:0.0046,0.0010,-0.0005 q:0.695993,0.008092,0.717924 -0.010268 wh:267,260,263,265 p:494,390 
33160 c:3.1414,0,1 w:-0.0114,0.0036,0.0146 q:0.695880,0.008313,0.718044 -0.009235 wh:267,259,262,265 p:495,390 
33281 c:3.1414,0,1 w:-0.0114,0.0036,0.0146 q:0.695880,0.008313,0.718044 -0.009235 wh:267,259,262,265 p:495,390 
33397 c:3.1414,0,1 w:-0.0006,-0.0039,0.0172 q:0.695765,0.009101,0.718164 -0.007774 wh:268,261,261,265 p:503,390 
33516 c:3.1414,0,1 w:0.0235,-0.0120,-0.0040 q:0.696242,0.010117,0.717678 -0.008596 wh:267,262,263,267 p:493,390 
33635 c:3.1414,0,1 w:0.0240,-0.0034,-0.0123 q:0.696695,0.011093,0.717204 -0.010145 wh:261,259,262,264 p:507,390 

Comms Startup 
500
525 c:3.1414,0,0 w:0.0000,0.0000,0.0000 q:0.000000,0.000000,0.000000 0.000000 wh:59,68,62,61 p:129,288 
636 c:3.1414,0,0 w:0.0000,0.0000,0.0000 q:0.000000,0.000000,0.000000 0.000000 wh:88,98,91,88 p:268,339 
744 c:3.1414,0,0 w:0.0000,0.0000,0.0000 q:0.000000,0.000000,0.000000 0.000000 wh:150,148,149,149 p:415,367 
858 c:3.1414,0,0 w:0.0000,0.0000,0.0000 q:0.000000,0.000000,0.000000 0.000000 wh:150,148,149,149 p:415,367 
970 c:3.1414,0,0 w:0.0000,0.0000,0.0000 q:0.000000,0.000000,0.000000 0.000000 wh:187,182,184,185 p:413,368 
1087 c:3.1414,0,0 w:0.0000,0.0000,0.0000 q:0.000000,0.000000,0.000000 0.000000 wh:202,198,203,196 p:433,369 
1201 c:3.1414,0,0 w:0.0000,0.0000,0.0000 q:0.000000,0.000000,0.000000 0.000000 wh:202,198,203,196 p:433,369 
1314 c:3.1414,0,0 w:0.0000,0.0000,0.0000 q:0.000000,0.000000,0.000000 0.000000 wh:217,218,215,216 p:437,375 
1430 c:3.1414,0,0 w:0.0000,0.0000,0.0000 q:0.000000,0.000000,0.000000 0.000000 wh:226,223,225,228 p:470,378 
1544 c:3.1414,0,0 w:0.0000,0.0000,0.0000 q:0.000000,0.000000,0.000000 0.000000 wh:236,234,238,239 p:473,381 
1683 c:3.1414,0,0 w:0.0000,0.0000,0.0000 q:0.000000,0.000000,0.000000 0.000000 wh:236,234,238,239 p:473,381 
1799 c:3.1414,0,0 w:0.0000,0.0000,0.0000 q:0.000000,0.000000,0.000000 0.000000 wh:246,241,246,244 p:475,382 
1914 c:3.1414,0,0 w:0.0000,0.0000,0.0000 q:0.000000,0.000000,0.000000 0.000000 wh:250,247,248,251 p:473,383 
2029 c:3.1414,0,0 w:0.0000,0.0000,0.0000 q:0.000000,0.000000,0.000000 0.000000 wh:250,247,248,251 p:473,383 
2145 c:3.1414,0,0 w:0.0000,0.0000,0.0000 q:0.000000,0.000000,0.000000 0.000000 wh:252,253,253,253 p:493,383 
2264 c:3.1414,0,0 w:0.0004,-0.0005,-0.0007 q:0.999977,-0.001231,0.004308 0.004255 wh:256,253,255,256 p:492,384 
2382 c:3.1414,0,0 w:-0.0009,0.0033,0.0033 q:0.999976,-0.001214,0.004397 0.004270 wh:256,256,256,258 p:506,384 
2500 c:3.1414,0,0 w:-0.0009,0.0033,0.0033 q:0.999976,-0.001214,0.004397 0.004270 wh:256,256,256,258 p:506,384 
2618 c:3.1414,0,0 w:-0.0019,0.0015,0.0010 q:0.999973,-0.001350,0.004719 0.004507 wh:263,260,263,261 p:499,386 
2740 c:3.1414,0,0 w:0.0355,-0.0430,0.0010 q:0.999983,0.000140,0.002353 0.004514 wh:261,260,262,263 p:495,386 
2856 c:3.1414,0,0 w:0.0355,-0.0430,0.0010 q:0.999983,0.000140,0.002353 0.004514 wh:261,260,262,263 p:495,386 
2973 c:3.1414,0,0 w:0.0257,-0.0602,0.0054 q:0.999971,0.004190,-0.003123 0.004759 wh:260,256,262,261 p:514,387 
3091 c:3.1414,0,0 w:-0.0343,-0.0277,-0.0131 q:0.999967,0.002884,-0.005420 0.004327 wh:263,262,263,263 p:498,387 
3211 c:3.1414,0,0 w:-0.0343,-0.0277,-0.0131 q:0.999967,0.002884,-0.005420 0.004327 wh:263,262,263,263 p:498,387 
3334 c:3.1414,0,0 w:-0.0225,0.0050,-0.0112 q:0.999976,0.000099,-0.005633 0.002629 wh:269,264,265,266 p:492,387 
3453 c:3.1414,0,0 w:0.0208,0.0181,0.0176 q:0.999979,0.001077,-0.004508 0.003397 wh:260,256,259,261 p:497,387 
3570 c:3.1414,0,0 w:0.0063,0.0270,0.0094 q:0.999978,0.002500,-0.002545 0.004663 wh:260,259,261,259 p:491,387 
3687 c:3.1414,0,0 w:0.0063,0.0270,0.0094 q:0.999978,0.002500,-0.002545 0.004663 wh:260,259,261,259 p:491,387 
3807 c:3.1414,0,0 w:0.0007,0.0420,-0.0045 q:0.999983,0.002553,0.000887 0.004342 wh:262,260,261,265 p:501,387 
3923 c:3.1414,0,0 w:0.0106,0.0384,0.0103 q:0.999971,0.002905,0.004218 0.004723 wh:264,261,260,265 p:496,387 
4039 c:3.1414,0,0 w:0.0106,0.0384,0.0103 q:0.999971,0.002905,0.004218 0.004723 wh:264,261,260,265 p:496,387 
4155 c:3.1414,0,0 w:0.0005,0.0336,0.0005 q:0.999951,0.003406,0.007268 0.005066 wh:261,258,262,261 p:496,387 
4271 c:3.1414,0,0 w:-0.0004,0.0233,0.0039 q:0.999938,0.003305,0.008754 0.005215 wh:265,260,262,262 p:514,387 
4391 c:3.1414,0,0 w:-0.0022,0.0010,-0.0022 q:0.999932,0.003317,0.009396 0.005299 wh:263,262,264,264 p:499,388 
4509 c:3.1414,0,0 w:-0.0022,0.0010,-0.0022 q:0.999932,0.003317,0.009396 0.005299 wh:263,262,264,264 p:499,388 
4627 c:3.1414,0,0 w:-0.0100,-0.0110,-0.0064 q:0.999943,0.002608,0.008574 0.004923 wh:264,258,260,261 p:503,388 
4746 c:3.1414,0,0 w:-0.0073,-0.0040,-0.0001 q:0.999952,0.001815,0.008022 0.004523 wh:264,261,266,267 p:501,388 
4865 c:3.1414,0,0 w:-0.0073,-0.0040,-0.0001 q:0.999952,0.001815,0.008022 0.004523 wh:264,261,266,267 p:501,388 
4987 c:3.1414,0,0 w:0.0049,0.0048,0.0033 q:0.999949,0.001961,0.008196 0.004812 wh:262,259,264,265 p:499,388 
5103 c:3.1414,0,0 w:0.0062,0.0146,0.0158 q:0.999934,0.002600,0.009337 0.005431 wh:263,261,264,265 p:503,388 
5219 c:3.1414,0,0 w:0.0062,0.0146,0.0158 q:0.999934,0.002600,0.009337 0.005431 wh:263,261,264,265 p:503,388 
5335 c:3.1414,0,0 w:-0.0079,0.0155,0.0225 q:0.999911,0.002334,0.010566 0.007242 wh:264,258,261,263 p:499,388 
5454 c:3.1414,0,0 w:-0.0079,0.0137,-0.0056 q:0.999894,0.001622,0.011830 0.007743 wh:267,268,267,270 p:496,388 
5572 c:3.1414,0,1 w:0.0002,0.0146,-0.0148 q:0.999891,0.001481,0.012704 0.006805 wh:263,262,262,265 p:506,388 
5689 c:3.1414,0,1 w:0.0002,0.0146,-0.0148 q:0.999891,0.001481,0.012704 0.006805 wh:263,262,262,265 p:506,388 
5806 c:3.1414,0,1 w:0.0104,0.0142,-0.0102 q:0.999881,0.002216,0.013996 0.005373 wh:261,260,261,260 p:510,388 
5922 c:3.1414,0,1 w:0.0039,0.0132,0.0179 q:0.999857,0.002829,0.015211 0.006167 wh:264,262,262,262 p:501,388 
6042 c:3.1414,0,1 w:0.0039,0.0132,0.0179 q:0.999857,0.002829,0.015211 0.006167 wh:264,262,262,262 p:501,388 
6158 c:3.1414,0,1 w:-0.0079,0.0152,0.0185 q:0.999826,0.002443,0.016574 0.007691 wh:263,263,262,265 p:504,386 
6275 c:3.1414,0,1 w:-0.0065,0.0224,-0.0123 q:0.999799,0.001656,0.018246 0.007652 wh:262,264,268,268 p:493,384 
6392 c:3.1414,0,1 w:-0.0065,0.0224,-0.0123 q:0.999799,0.001656,0.018246 0.007652 wh:262,264,268,268 p:493,384 
6513 c:3.1414,0,1 w:0.0094,0.0357,-0.0160 q:0.999756,0.001887,0.020965 0.006005 wh:250,259,279,261 p:497,386 
6630 c:3.1414,0,1 w:0.0104,0.0464,0.0037 q:0.999674,0.002927,0.024620 0.005418 wh:242,260,295,261 p:497,386 
6746 c:3.1414,0,1 w:-0.0032,0.0557,0.0155 q:0.999545,0.003172,0.029094 0.006679 wh:235,257,299,260 p:502,386 
6862 c:3.1414,0,1 w:-0.0032,0.0557,0.0155 q:0.999545,0.003172,0.029094 0.006679 wh:235,257,299,260 p:502,386 
6979 c:3.1414,0,1 w:-0.0120,0.0673,0.0022 q:0.999367,0.002150,0.034585 0.007476 wh:227,260,313,263 p:494,385 
7100 c:3.1414,0,1 w:-0.0027,0.0710,-0.0167 q:0.999224,0.001773,0.038665 0.006728 wh:216,255,324,261 p:484,385 
7218 c:3.1414,0,1 w:-0.0027,0.0710,-0.0167 q:0.999224,0.001773,0.038665 0.006728 wh:216,255,324,261 p:484,385 
7335 c:3.1414,0,1 w:0.0112,0.0852,-0.0111 q:0.998934,0.002181,0.045703 0.005298 wh:213,258,332,260 p:482,385 
7452 c:3.1414,0,1 w:0.0068,0.0930,0.0048 q:0.998540,0.003029,0.053604 0.005198 wh:201,257,344,257 p:493,385 
7568 c:3.1414,0,1 w:0.0068,0.0930,0.0048 q:0.998540,0.003029,0.053604 0.005198 wh:201,257,344,257 p:493,385 
7687 c:3.1414,0,1 w:-0.0085,0.1047,0.0135 q:0.998032,0.002778,0.062258 0.006354 wh:195,259,360,261 p:480,384 
7804 c:3.1414,0,1 w:-0.0126,0.1146,-0.0074 q:0.997377,0.001516,0.072020 0.006349 wh:191,261,372,261 p:481,385 
7922 c:3.1414,0,1 w:0.0066,0.1253,-0.0195 q:0.996549,0.001318,0.082811 0.004778 wh:184,260,378,261 p:476,384 
8039 c:3.1414,0,1 w:0.0066,0.1253,-0.0195 q:0.996549,0.001318,0.082811 0.004778 wh:184,260,378,261 p:476,384 
8159 c:3.1414,0,1 w:0.0098,0.1336,-0.0056 q:0.995548,0.002190,0.094110 0.003706 wh:173,253,390,256 p:487,384 
8275 c:3.1414,0,1 w:-0.0018,0.1446,0.0133 q:0.994308,0.002500,0.106377 0.004497 wh:167,253,398,259 p:493,385 
8392 c:3.1414,0,1 w:-0.0018,0.1446,0.0133 q:0.994308,0.002500,0.106377 0.004497 wh:167,253,398,259 p:493,385 
8509 c:3.1414,0,1 w:-0.0145,0.1478,0.0051 q:0.993345,0.001823,0.115013 0.005038 wh:164,257,418,263 p:495,386 
8626 c:3.1414,0,1 w:-0.0090,0.1560,-0.0170 q:0.991681,0.000574,0.128613 0.004240 wh:157,257,418,258 p:510,386 
8748 c:3.1414,0,1 w:-0.0090,0.1560,-0.0170 q:0.991681,0.000574,0.128613 0.004240 wh:157,257,418,258 p:510,386 
8865 c:3.1414,0,1 w:0.0088,0.1598,-0.0190 q:0.989742,0.000648,0.142818 0.002299 wh:149,256,418,260 p:501,387 
8982 c:3.1414,0,1 w:0.0114,0.1653,0.0046 q:0.987561,0.001699,0.157190 0.001931 wh:143,257,423,260 p:495,387 
9098 c:3.1414,0,1 w:-0.0087,0.1681,0.0094 q:0.985162,0.001564,0.171567 0.002937 wh:140,257,426,260 p:494,387 
9219 c:3.1414,0,1 w:-0.0087,0.1681,0.0094 q:0.985162,0.001564,0.171567 0.002937 wh:140,257,426,260 p:494,387 
9335 c:3.1414,0,1 w:-0.0154,0.1702,-0.0164 q:0.982428,0.000134,0.186601 0.002603 wh:134,257,429,260 p:507,388 
9453 c:3.1414,0,1 w:-0.0028,0.1751,-0.0192 q:0.980420,-0.000499,0.196890 0.001467 wh:126,256,424,261 p:504,388 
9572 c:3.1414,0,1 w:-0.0028,0.1751,-0.0192 q:0.980420,-0.000499,0.196890 0.001467 wh:126,256,424,261 p:504,388 
9691 c:3.1414,0,1 w:0.0127,0.1759,-0.0086 q:0.977133,0.000125,0.212610 0.000037 wh:122,257,429,260 p:488,388 
9810 c:3.1414,0,1 w:0.0039,0.1805,0.0115 q:0.973664,0.001009,0.227968 0.000301 wh:116,261,427,264 p:494,388 
9926 c:3.1414,0,1 w:0.0039,0.1805,0.0115 q:0.973664,0.001009,0.227968 0.000301 wh:116,261,427,264 p:494,388 
10042 c:3.1414,0,1 w:-0.0166,0.1818,-0.0019 q:0.969866,0.000348,0.243619 0.000887 wh:112,260,431,264 p:493,388 
10161 c:3.1414,0,1 w:-0.0076,0.1890,-0.0184 q:0.965562,-0.001074,0.260154 -0.000181 wh:109,259,431,262 p:507,388 
10283 c:3.1414,0,1 w:0.0094,0.1896,-0.0225 q:0.962414,-0.001208,0.271563 -0.001638 wh:104,263,434,264 p:496,388 
10405 c:3.1414,0,1 w:0.0094,0.1896,-0.0225 q:0.962414,-0.001208,0.271563 -0.001638 wh:104,263,434,264 p:496,388 
10525 c:3.1414,0,1 w:0.0112,0.1910,0.0016 q:0.957515,-0.000229,0.288357 -0.002567 wh:99,260,431,260 p:504,388 
10643 c:3.1414,0,1 w:-0.0036,0.1945,0.0091 q:0.952301,0.000232,0.305140 -0.001757 wh:96,263,438,265 p:491,389 
10761 c:3.1414,0,1 w:-0.0036,0.1945,0.0091 q:0.952301,0.000232,0.305140 -0.001757 wh:96,263,438,265 p:491,389 
10883 c:3.1414,0,1 w:-0.0146,0.1947,-0.0157 q:0.946640,-0.001172,0.322271 -0.001997 wh:92,262,435,264 p:506,388 
11002 c:3.1414,0,1 w:0.0023,0.2006,-0.0212 q:0.940471,-0.002248,0.339833 -0.003867 wh:88,260,433,261 p:490,388 
11121 c:3.1414,0,1 w:0.0023,0.2006,-0.0212 q:0.940471,-0.002248,0.339833 -0.003867 wh:88,260,433,261 p:490,388 
11240 c:3.1414,0,1 w:0.0127,0.2018,-0.0038 q:0.936268,-0.001746,0.351239 -0.004702 wh:86,257,435,264 p:484,388 
11360 c:3.1414,0,1 w:0.0054,0.2015,0.0121 q:0.929693,-0.000615,0.368297 -0.004456 wh:80,260,443,264 p:496,388 
11481 c:3.1414,0,1 w:-0.0138,0.1994,-0.0031 q:0.922790,-0.001185,0.385269 -0.003980 wh:81,258,432,263 p:495,387 
11601 c:3.1414,0,1 w:-0.0138,0.1994,-0.0031 q:0.922790,-0.001185,0.385269 -0.003980 wh:81,258,432,263 p:495,387 
11721 c:3.1414,0,1 w:-0.0094,0.1912,-0.0199 q:0.915673,-0.002835,0.401871 -0.005006 wh:85,260,427,260 p:505,388 
11841 c:3.1414,0,1 w:0.0075,0.1902,-0.0190 q:0.910822,-0.003105,0.412729 -0.006343 wh:99,260,427,261 p:495,389 
11964 c:3.1414,0,1 w:0.0075,0.1902,-0.0190 q:0.910822,-0.003105,0.412729 -0.006343 wh:99,260,427,261 p:495,389 
12083 c:3.1414,0,1 w:0.0120,0.1863,0.0019 q:0.903598,-0.002126,0.428305 -0.007311 wh:102,260,429,261 p:515,389 
12201 c:3.1414,0,1 w:-0.0047,0.1818,0.0080 q:0.896362,-0.001585,0.443260 -0.006693 wh:103,258,424,261 p:484,389 
12321 c:3.1414,0,1 w:-0.0141,0.1701,-0.0154 q:0.889088,-0.002961,0.457667 -0.006837 wh:108,258,416,262 p:508,388 
12442 c:3.1414,0,1 w:-0.0141,0.1701,-0.0154 q:0.889088,-0.002961,0.457667 -0.006837 wh:108,258,416,262 p:508,388 
12567 c:3.1414,0,1 w:-0.0050,0.1669,-0.0206 q:0.884239,-0.003980,0.466944 -0.007747 wh:115,258,402,260 p:513,388 
12688 c:3.1414,0,1 w:0.0147,0.1647,0.0004 q:0.877019,-0.003468,0.480354 -0.008783 wh:118,263,405,265 p:507,389 
12807 c:3.1414,0,1 w:0.0147,0.1647,0.0004 q:0.877019,-0.003468,0.480354 -0.008783 wh:118,263,405,265 p:507,389 
12925 c:3.1414,0,1 w:0.0043,0.1580,0.0080 q:0.870039,-0.002196,0.492891 -0.008770 wh:121,257,393,261 p:489,389 
13049 c:3.1414,0,1 w:-0.0137,0.1528,-0.0056 q:0.862971,-0.002715,0.505168 -0.008417 wh:130,260,390,260 p:500,388 
13170 c:3.1414,0,1 w:-0.0097,0.1456,-0.0189 q:0.855894,-0.004423,0.517045 -0.009059 wh:130,259,387,261 p:500,388 
13291 c:3.1414,0,1 w:-0.0097,0.1456,-0.0189 q:0.855894,-0.004423,0.517045 -0.009059 wh:130,259,387,261 p:500,388 
13412 c:3.1414,0,1 w:0.0043,0.1409,-0.0123 q:0.851266,-0.004732,0.524611 -0.009931 wh:139,257,379,260 p:501,388 
13554 c:3.1414,0,1 w:0.0124,0.1369,0.0097 q:0.844490,-0.003398,0.535453 -0.010314 wh:144,259,372,262 p:493,389 
13677 c:3.1414,0,1 w:-0.0039,0.1299,0.0034 q:0.838066,-0.002649,0.545464 -0.009921 wh:146,256,371,259 p:497,388 
13797 c:3.1414,0,1 w:-0.0039,0.1299,0.0034 q:0.838066,-0.002649,0.545464 -0.009921 wh:146,256,371,259 p:497,388 
13918 c:3.1414,0,1 w:-0.0132,0.1269,-0.0138 q:0.831568,-0.004003,0.555310 -0.010072 wh:150,260,366,262 p:504,388 
14039 c:3.1414,0,1 w:-0.0048,0.1212,-0.0154 q:0.827268,-0.004909,0.561678 -0.010642 wh:156,258,359,260 p:500,389 
14162 c:3.1414,0,1 w:-0.0048,0.1212,-0.0154 q:0.827268,-0.004909,0.561678 -0.010642 wh:156,258,359,260 p:500,389 
14284 c:3.1414,0,1 w:0.0132,0.1163,-0.0001 q:0.821046,-0.004497,0.570723 -0.011419 wh:164,257,356,260 p:496,389 
14404 c:3.1414,0,1 w:0.0077,0.1102,0.0112 q:0.815209,-0.003139,0.579038 -0.011418 wh:166,263,356,264 p:495,388 
14523 c:3.1414,0,1 w:0.0077,0.1102,0.0112 q:0.815209,-0.003139,0.579038 -0.011418 wh:166,263,356,264 p:495,388 
14642 c:3.1414,0,1 w:-0.0083,0.1040,-0.0048 q:0.809630,-0.003347,0.586819 -0.011085 wh:172,260,347,261 p:503,389 
14767 c:3.1414,0,1 w:-0.0103,0.0989,-0.0180 q:0.804058,-0.005066,0.594406 -0.011724 wh:177,260,340,261 p:495,388 
14887 c:3.1414,0,1 w:0.0025,0.0959,-0.0088 q:0.800430,-0.005449,0.599266 -0.012390 wh:182,258,340,261 p:493,388 
15007 c:3.1414,0,1 w:0.0025,0.0959,-0.0088 q:0.800430,-0.005449,0.599266 -0.012390 wh:182,258,340,261 p:493,388 
15127 c:3.1414,0,1 w:0.0143,0.0928,0.0126 q:0.795295,-0.004161,0.606074 -0.012435 wh:189,257,332,261 p:496,388 
15250 c:3.1414,0,1 w:-0.0033,0.0846,0.0022 q:0.790554,-0.003394,0.612253 -0.012276 wh:191,260,329,260 p:496,388 
15370 c:3.1414,0,1 w:-0.0033,0.0846,0.0022 q:0.790554,-0.003394,0.612253 -0.012276 wh:191,260,329,260 p:496,388 
15490 c:3.1414,0,1 w:-0.0160,0.0830,-0.0126 q:0.785784,-0.004631,0.618359 -0.012094 wh:197,261,326,263 p:504,388 
15610 c:3.1414,0,1 w:-0.0074,0.0788,-0.0132 q:0.782701,-0.005622,0.622241 -0.012452 wh:198,257,319,261 p:505,388 
15731 c:3.1414,0,1 w:0.0077,0.0726,0.0008 q:0.778311,-0.005747,0.627710 -0.013058 wh:204,261,315,260 p:473,384 
15854 c:3.1414,0,1 w:0.0077,0.0726,0.0008 q:0.778311,-0.005747,0.627710 -0.013058 wh:204,261,315,260 p:473,384 
15973 c:3.1414,0,1 w:0.0123,0.0558,0.0159 q:0.774782,-0.004012,0.632081 -0.012691 wh:216,262,310,264 p:471,384 
16092 c:3.1414,0,1 w:-0.0125,0.0372,-0.0051 q:0.772356,-0.004060,0.635052 -0.012254 wh:235,259,296,262 p:502,387 
16212 c:3.1414,0,1 w:-0.0125,0.0372,-0.0051 q:0.772356,-0.004060,0.635052 -0.012254 wh:235,259,296,262 p:502,387 
16337 c:3.1414,0,1 w:-0.0106,0.0285,-0.0186 q:0.770524,-0.006053,0.637249 -0.012700 wh:253,261,284,263 p:496,388 
16458 c:3.1414,0,1 w:0.0017,0.0242,-0.0059 q:0.769515,-0.006554,0.638453 -0.013156 wh:255,258,279,264 p:503,389 
16579 c:3.1414,0,1 w:0.0130,0.0149,0.0162 q:0.768497,-0.005238,0.639690 -0.013100 wh:261,257,266,259 p:499,389 
16698 c:3.1414,0,1 w:0.0130,0.0149,0.0162 q:0.768497,-0.005238,0.639690 -0.013100 wh:261,257,266,259 p:499,389 
16817 c:3.1414,0,1 w:0.0007,0.0102,0.0115 q:0.767842,-0.003803,0.640503 -0.012279 wh:260,255,254,258 p:494,389 
16939 c:3.1414,0,1 w:-0.0143,0.0079,-0.0114 q:0.767343,-0.004657,0.641102 -0.011942 wh:265,259,256,261 p:502,388 
17059 c:3.1414,0,1 w:-0.0143,0.0079,-0.0114 q:0.767343,-0.004657,0.641102 -0.011942 wh:265,259,256,261 p:502,388 
17181 c:3.1414,0,1 w:-0.0067,0.0074,-0.0198 q:0.766993,-0.005876,0.641500 -0.012483 wh:265,259,255,263 p:478,387 
17302 c:3.1414,0,1 w:0.0114,0.0140,0.0027 q:0.766322,-0.005737,0.642294 -0.012948 wh:261,259,256,259 p:476,385 
17424 c:3.1414,0,1 w:0.0129,0.0203,0.0213 q:0.765314,-0.003805,0.643518 -0.012515 wh:259,257,263,261 p:499,388 
17544 c:3.1414,0,1 w:0.0129,0.0203,0.0213 q:0.765314,-0.003805,0.643518 -0.012515 wh:259,257,263,261 p:499,388 
17662 c:3.1414,0,1 w:-0.0057,0.0270,-0.0080 q:0.763853,-0.003484,0.645258 -0.012286 wh:259,264,272,265 p:496,389 
17783 c:3.1414,0,1 w:-0.0117,0.0305,-0.0219 q:0.762021,-0.005493,0.647392 -0.012987 wh:250,260,274,264 p:503,389 
17904 c:3.1414,0,1 w:-0.0117,0.0305,-0.0219 q:0.762021,-0.005493,0.647392 -0.012987 wh:250,260,274,264 p:503,389 
18028 c:3.1414,0,1 w:-0.0013,0.0326,-0.0047 q:0.760739,-0.006102,0.648887 -0.013246 wh:241,255,272,262 p:496,389 
18150 c:3.1414,0,1 w:0.0126,0.0326,0.0170 q:0.758736,-0.004752,0.651245 -0.012968 wh:242,259,275,262 p:505,389 
18269 c:3.1414,0,1 w:0.0126,0.0326,0.0170 q:0.758736,-0.004752,0.651245 -0.012968 wh:242,259,275,262 p:505,389 
18387 c:3.1414,0,1 w:0.0060,0.0343,0.0117 q:0.756796,-0.003274,0.653515 -0.012556 wh:245,259,281,263 p:498,388 
18510 c:3.1414,0,1 w:-0.0111,0.0323,-0.0172 q:0.754782,-0.004163,0.655831 -0.012808 wh:242,260,276,262 p:486,388 
18631 c:3.1414,0,1 w:-0.0082,0.0329,-0.0102 q:0.752795,-0.005176,0.658111 -0.012418 wh:244,258,274,261 p:504,388 
18752 c:3.1414,0,1 w:-0.0082,0.0329,-0.0102 q:0.752795,-0.005176,0.658111 -0.012418 wh:244,258,274,261 p:504,388 
18873 c:3.1414,0,1 w:0.0036,0.0313,0.0097 q:0.751479,-0.004891,0.659619 -0.012242 wh:252,263,281,267 p:485,388 
18995 c:3.1414,0,1 w:0.0121,0.0267,0.0166 q:0.749748,-0.002908,0.661606 -0.011797 wh:249,261,277,265 p:495,389 
19113 c:3.1414,0,1 w:0.0121,0.0267,0.0166 q:0.749748,-0.002908,0.661606 -0.011797 wh:249,261,277,265 p:495,389 
19232 c:3.1414,0,1 w:-0.0032,0.0264,-0.0082 q:0.748154,-0.002553,0.663408 -0.011852 wh:250,257,272,261 p:489,389 
19354 c:3.1414,0,1 w:-0.0122,0.0241,-0.0204 q:0.746534,-0.004483,0.665210 -0.012437 wh:252,258,272,262 p:491,389 
19475 c:3.1414,0,1 w:-0.0048,0.0255,-0.0053 q:0.745485,-0.005322,0.666376 -0.012586 wh:254,257,271,263 p:497,389 
19600 c:3.1414,0,1 w:-0.0048,0.0255,-0.0053 q:0.745485,-0.005322,0.666376 -0.012586 wh:254,257,271,263 p:497,389 
19721 c:3.1414,0,1 w:0.0120,0.0258,0.0182 q:0.743891,-0.004054,0.668170 -0.012204 wh:252,259,272,261 p:502,389 
19840 c:3.1414,0,1 w:0.0062,0.0236,0.0077 q:0.742366,-0.002457,0.669881 -0.011706 wh:253,258,271,260 p:500,389 
19958 c:3.1414,0,1 w:0.0062,0.0236,0.0077 q:0.742366,-0.002457,0.669881 -0.011706 wh:253,258,271,260 p:500,389 
20081 c:3.1414,0,1 w:-0.0114,0.0255,-0.0175 q:0.740836,-0.003523,0.671562 -0.012069 wh:253,257,269,261 p:501,389 
20203 c:3.1414,0,1 w:-0.0111,0.0259,-0.0180 q:0.739744,-0.004924,0.672749 -0.012477 wh:251,259,273,264 p:503,389 
20324 c:3.1414,0,1 w:0.0063,0.0284,0.0095 q:0.738018,-0.005052,0.674641 -0.012417 wh:248,258,268,260 p:507,389 
20443 c:3.1414,0,1 w:0.0063,0.0284,0.0095 q:0.738018,-0.005052,0.674641 -0.012417 wh:248,258,268,260 p:507,389 
20561 c:3.1414,0,1 w:0.0140,0.0268,0.0173 q:0.736373,-0.002979,0.676457 -0.011966 wh:249,261,274,263 p:494,389 
20684 c:3.1414,0,1 w:-0.0010,0.0248,-0.0111 q:0.734772,-0.002663,0.678191 -0.012285 wh:249,260,273,263 p:491,389 
20805 c:3.1414,0,1 w:-0.0010,0.0248,-0.0111 q:0.734772,-0.002663,0.678191 -0.012285 wh:249,260,273,263 p:491,389 
20926 c:3.1414,0,1 w:-0.0114,0.0247,-0.0195 q:0.733693,-0.003953,0.679343 -0.012784 wh:252,260,268,260 p:494,389 
21047 c:3.1414,0,1 w:-0.0045,0.0264,-0.0010 q:0.732018,-0.005214,0.681136 -0.012907 wh:253,257,272,263 p:496,389 
21172 c:3.1414,0,1 w:0.0136,0.0256,0.0222 q:0.730381,-0.003588,0.682915 -0.012199 wh:253,262,271,260 p:484,389 
21291 c:3.1414,0,1 w:0.0136,0.0256,0.0222 q:0.730381,-0.003588,0.682915 -0.012199 wh:253,262,271,260 p:484,389 
21410 c:3.1414,0,1 w:0.0107,0.0204,0.0126 q:0.729500,-0.002422,0.683864 -0.012045 wh:255,259,268,263 p:491,389 
21529 c:3.1414,0,1 w:-0.0030,0.0184,-0.0134 q:0.728267,-0.002621,0.685170 -0.012428 wh:257,259,265,262 p:504,389 
21650 c:3.1414,0,1 w:-0.0030,0.0184,-0.0134 q:0.728267,-0.002621,0.685170 -0.012428 wh:257,259,265,262 p:504,389 
21775 c:3.1414,0,1 w:-0.0112,0.0180,-0.0151 q:0.727076,-0.004500,0.686411 -0.013090 wh:259,262,271,266 p:506,389 
21896 c:3.1414,0,1 w:0.0030,0.0177,0.0121 q:0.726012,-0.004474,0.687545 -0.012638 wh:256,258,263,261 p:493,389 
22014 c:3.1414,0,1 w:0.0030,0.0177,0.0121 q:0.726012,-0.004474,0.687545 -0.012638 wh:256,258,263,261 p:493,389 
22133 c:3.1414,0,1 w:0.0103,0.0174,0.0219 q:0.725289,-0.003091,0.688323 -0.012178 wh:261,260,263,263 p:492,389 
22256 c:3.1414,0,1 w:0.0048,0.0163,-0.0036 q:0.724275,-0.002064,0.689397 -0.012062 wh:261,262,262,263 p:502,389 
22376 c:3.1414,0,1 w:-0.0082,0.0135,-0.0193 q:0.723365,-0.003359,0.690329 -0.013005 wh:264,259,261,266 p:497,389 
22498 c:3.1414,0,1 w:-0.0082,0.0135,-0.0193 q:0.723365,-0.003359,0.690329 -0.013005 wh:264,259,261,266 p:497,389 
22619 c:3.1414,0,1 w:-0.0097,0.0151,0.0025 q:0.722484,-0.004545,0.691249 -0.012742 wh:258,259,257,260 p:500,389 
22738 c:3.1414,0,1 w:0.0031,0.0137,0.0214 q:0.721879,-0.003746,0.691900 -0.011912 wh:265,262,261,264 p:499,389 
22861 c:3.1414,0,1 w:0.0031,0.0137,0.0214 q:0.721879,-0.003746,0.691900 -0.011912 wh:265,262,261,264 p:499,389 
22980 c:3.1414,0,1 w:0.0132,0.0125,0.0127 q:0.721044,-0.001761,0.692787 -0.011412 wh:261,259,260,264 p:495,389 
23099 c:3.1414,0,1 w:-0.0015,0.0126,-0.0184 q:0.720293,-0.002060,0.693551 -0.012321 wh:259,258,259,263 p:500,389 
23220 c:3.1414,0,1 w:-0.0112,0.0132,-0.0119 q:0.719457,-0.003851,0.694401 -0.012881 wh:259,256,260,260 p:495,389 
23345 c:3.1414,0,1 w:-0.0112,0.0132,-0.0119 q:0.719457,-0.003851,0.694401 -0.012881 wh:259,256,260,260 p:495,389 
23465 c:3.1414,0,1 w:-0.0013,0.0140,0.0092 q:0.718838,-0.003879,0.695049 -0.012446 wh:265,260,261,265 p:487,389 
23585 c:3.1414,0,1 w:0.0071,0.0132,0.0184 q:0.717994,-0.002318,0.695945 -0.011484 wh:265,260,263,261 p:498,389 
23705 c:3.1414,0,1 w:0.0071,0.0132,0.0184 q:0.717994,-0.002318,0.695945 -0.011484 wh:265,260,263,261 p:498,389 
23824 c:3.1414,0,1 w:0.0085,0.0114,-0.0015 q:0.717260,-0.001411,0.696700 -0.011740 wh:261,258,260,261 p:485,389 
23948 c:3.1414,0,1 w:-0.0080,0.0106,-0.0195 q:0.716731,-0.002056,0.697230 -0.012455 wh:265,260,261,261 p:492,389 
24069 c:3.1414,0,1 w:-0.0082,0.0129,-0.0059 q:0.715961,-0.003446,0.698008 -0.012798 wh:267,259,259,260 p:496,389 
24189 c:3.1414,0,1 w:-0.0082,0.0129,-0.0059 q:0.715961,-0.003446,0.698008 -0.012798 wh:267,259,259,260 p:496,389 
24310 c:3.1414,0,1 w:0.0008,0.0100,0.0219 q:0.715297,-0.002650,0.698711 -0.011670 wh:264,256,256,259 p:500,389 
24433 c:3.1414,0,1 w:0.0117,0.0099,0.0094 q:0.714583,-0.000850,0.699454 -0.011230 wh:264,256,259,260 p:492,389 
24552 c:3.1414,0,1 w:0.0117,0.0099,0.0094 q:0.714583,-0.000850,0.699454 -0.011230 wh:264,256,259,260 p:492,389 
24671 c:3.1414,0,1 w:0.0051,0.0074,-0.0141 q:0.714222,-0.000883,0.699812 -0.011850 wh:266,261,256,264 p:490,389 
24791 c:3.1414,0,1 w:-0.0087,0.0074,-0.0203 q:0.713767,-0.002730,0.700250 -0.013050 wh:266,258,256,261 p:498,389 
24911 c:3.1414,0,1 w:-0.0087,0.0074,-0.0203 q:0.713767,-0.002730,0.700250 -0.013050 wh:266,258,256,261 p:498,389 
25037 c:3.1414,0,1 w:-0.0053,0.0079,0.0137 q:0.713265,-0.003100,0.700773 -0.012368 wh:264,259,252,260 p:495,389 
25157 c:3.1414,0,1 w:0.0106,0.0073,0.0199 q:0.712764,-0.001330,0.701305 -0.011279 wh:266,256,252,262 p:478,389 
25276 c:3.1414,0,1 w:0.0083,0.0044,0.0016 q:0.712531,-0.000611,0.701542 -0.011354 wh:268,260,254,264 p:495,389 
25395 c:3.1414,0,1 w:0.0083,0.0044,0.0016 q:0.712531,-0.000611,0.701542 -0.011354 wh:268,260,254,264 p:495,389 
25517 c:3.1414,0,1 w:-0.0016,0.0056,-0.0195 q:0.712156,-0.001416,0.701901 -0.012555 wh:268,261,250,260 p:492,389 
25638 c:3.1414,0,1 w:-0.0099,0.0058,-0.0013 q:0.711813,-0.002705,0.702245 -0.012588 wh:267,259,252,261 p:501,389 
25759 c:3.1414,0,1 w:-0.0099,0.0058,-0.0013 q:0.711813,-0.002705,0.702245 -0.012588 wh:267,259,252,261 p:501,389 
25880 c:3.1414,0,1 w:0.0017,0.0082,0.0217 q:0.711384,-0.001720,0.702704 -0.011345 wh:267,259,251,262 p:505,389 
25999 c:3.1414,0,1 w:0.0089,0.0074,0.0130 q:0.711093,-0.000707,0.703006 -0.010910 wh:269,262,257,264 p:498,389 
26122 c:3.1414,0,1 w:0.0060,0.0064,-0.0140 q:0.710659,-0.000479,0.703433 -0.011729 wh:268,260,253,261 p:499,389 
26242 c:3.1414,0,1 w:0.0060,0.0064,-0.0140 q:0.710659,-0.000479,0.703433 -0.011729 wh:268,260,253,261 p:499,389 
26361 c:3.1414,0,1 w:-0.0054,0.0058,-0.0175 q:0.710240,-0.001941,0.703831 -0.013013 wh:269,259,251,263 p:489,389 
26482 c:3.1414,0,1 w:-0.0079,0.0064,0.0036 q:0.709965,-0.002442,0.704110 -0.012785 wh:268,255,253,260 p:499,389 
26606 c:3.1414,0,1 w:-0.0079,0.0064,0.0036 q:0.709965,-0.002442,0.704110 -0.012785 wh:268,255,253,260 p:499,389 
26726 c:3.1414,0,1 w:0.0066,0.0085,0.0217 q:0.709483,-0.001080,0.704619 -0.011620 wh:270,259,256,262 p:497,389 
26860 c:3.1414,0,1 w:0.0081,0.0041,-0.0022 q:0.709118,0.000044,0.704988 -0.011616 wh:270,259,255,262 p:489,389 
26979 c:3.1414,0,1 w:-0.0018,0.0055,-0.0225 q:0.708741,-0.001037,0.705341 -0.013022 wh:268,258,251,261 p:502,389 
27100 c:3.1414,0,1 w:-0.0018,0.0055,-0.0225 q:0.708741,-0.001037,0.705341 -0.013022 wh:268,258,251,261 p:502,389 
27233 c:3.1414,0,1 w:-0.0091,0.0041,-0.0062 q:0.708547,-0.001949,0.705530 -0.013232 wh:274,260,256,268 p:506,389 
27355 c:3.1414,0,1 w:-0.0027,0.0065,0.0196 q:0.708187,-0.001579,0.705912 -0.012194 wh:268,257,252,261 p:489,389 
27474 c:3.1414,0,1 w:0.0138,0.0050,0.0179 q:0.707952,0.000196,0.706163 -0.011301 wh:271,259,253,259 p:491,389 
27592 c:3.1414,0,1 w:0.0138,0.0050,0.0179 q:0.707952,0.000196,0.706163 -0.011301 wh:271,259,253,259 p:491,389 
27713 c:3.1414,0,1 w:0.0175,-0.0184,-0.0097 q:0.709030,0.002548,0.705032 -0.013836 wh:271,259,251,263 p:488,389 
27833 c:3.1414,0,1 w:-0.0491,-0.0191,-0.0264 q:0.709895,0.000023,0.704173 -0.013484 wh:270,257,247,263 p:499,389 
27955 c:3.1414,0,1 w:-0.0491,-0.0191,-0.0264 q:0.709895,0.000023,0.704173 -0.013484 wh:270,257,247,263 p:499,389 
28076 c:3.1414,0,1 w:-0.0219,-0.0071,-0.0001 q:0.710724,-0.003800,0.703366 -0.011145 wh:270,262,249,261 p:493,389 
28197 c:3.1414,0,1 w:0.0330,0.0361,0.0025 q:0.709897,-0.001429,0.704181 -0.012801 wh:268,256,241,262 p:426,377 
28319 c:3.1414,0,1 w:0.0283,0.0992,-0.0119 q:0.704317,-0.000548,0.709724 -0.014854 wh:272,261,257,262 p:492,389 

Comms Startup 
486
510 c:3.1414,0,0 w:0.0000,0.0000,0.0000 q:0.000000,0.000000,0.000000 0.000000 wh:61,65,61,60 p:129,287 
621 c:3.1414,0,0 w:0.0000,0.0000,0.0000 q:0.000000,0.000000,0.000000 0.000000 wh:88,96,91,92 p:275,339 
731 c:3.1414,0,0 w:0.0000,0.0000,0.0000 q:0.000000,0.000000,0.000000 0.000000 wh:151,146,147,149 p:416,366 
848 c:3.1414,0,0 w:0.0000,0.0000,0.0000 q:0.000000,0.000000,0.000000 0.000000 wh:151,146,147,149 p:416,366 
963 c:3.1414,0,0 w:0.0000,0.0000,0.0000 q:0.000000,0.000000,0.000000 0.000000 wh:183,182,180,185 p:410,366 
1077 c:3.1414,0,0 w:0.0000,0.0000,0.0000 q:0.000000,0.000000,0.000000 0.000000 wh:196,193,196,196 p:415,368 
1192 c:3.1414,0,0 w:0.0000,0.0000,0.0000 q:0.000000,0.000000,0.000000 0.000000 wh:196,193,196,196 p:415,368 
1308 c:3.1414,0,0 w:0.0000,0.0000,0.0000 q:0.000000,0.000000,0.000000 0.000000 wh:217,216,214,215 p:454,374 
1427 c:3.1414,0,0 w:0.0000,0.0000,0.0000 q:0.000000,0.000000,0.000000 0.000000 wh:227,222,225,223 p:472,377 
1542 c:3.1414,0,0 w:0.0000,0.0000,0.0000 q:0.000000,0.000000,0.000000 0.000000 wh:227,222,225,223 p:472,377 
1658 c:3.1414,0,0 w:0.0000,0.0000,0.0000 q:0.000000,0.000000,0.000000 0.000000 wh:239,234,234,235 p:469,380 
1774 c:3.1414,0,0 w:0.0000,0.0000,0.0000 q:0.000000,0.000000,0.000000 0.000000 wh:246,243,244,242 p:484,380 
1889 c:3.1414,0,0 w:0.0000,0.0000,0.0000 q:0.000000,0.000000,0.000000 0.000000 wh:247,247,246,250 p:487,382 
2008 c:3.1414,0,0 w:0.0000,0.0000,0.0000 q:0.000000,0.000000,0.000000 0.000000 wh:247,247,246,250 p:487,382 
2123 c:3.1414,0,0 w:0.0000,0.0000,0.0000 q:0.000000,0.000000,0.000000 0.000000 wh:255,252,252,253 p:489,383 
2238 c:3.1414,0,0 w:-0.0073,-0.0053,0.0028 q:0.999946,-0.008927,-0.000984 0.004326 wh:258,254,258,256 p:488,383 
2359 c:3.1414,0,0 w:-0.0073,-0.0053,0.0028 q:0.999946,-0.008927,-0.000984 0.004326 wh:258,254,258,256 p:488,383 
2482 c:3.1414,0,0 w:-0.0060,-0.0056,0.0004 q:0.999941,-0.009379,-0.001472 0.004403 wh:257,254,254,258 p:503,384 
2601 c:3.1414,0,0 w:-0.0013,-0.0056,0.0028 q:0.999936,-0.009594,-0.001827 0.004875 wh:256,255,257,257 p:490,385 
2721 c:3.1414,0,0 w:-0.0051,-0.0196,0.0175 q:0.999924,-0.010381,-0.002538 0.005447 wh:260,257,260,261 p:511,385 
2842 c:3.1414,0,0 w:-0.0051,-0.0196,0.0175 q:0.999924,-0.010381,-0.002538 0.005447 wh:260,257,260,261 p:511,385 
2962 c:3.1414,0,0 w:-0.0004,-0.0215,0.0141 q:0.999907,-0.010379,-0.004478 0.006990 wh:258,259,259,261 p:491,386 
3085 c:3.1414,0,0 w:-0.0009,-0.0024,0.0076 q:0.999892,-0.010779,-0.005329 0.007967 wh:261,259,260,258 p:491,386 
3205 c:3.1414,0,0 w:-0.0009,-0.0024,0.0076 q:0.999892,-0.010779,-0.005329 0.007967 wh:261,259,260,258 p:491,386 
3324 c:3.1414,0,0 w:0.0057,0.0129,-0.0057 q:0.999903,-0.010270,-0.004515 0.007669 wh:264,263,262,262 p:489,386 
3443 c:3.1414,0,0 w:0.0066,0.0132,-0.0073 q:0.999918,-0.009707,-0.003252 0.007094 wh:261,258,260,261 p:512,386 
3566 c:3.1414,0,0 w:0.0066,0.0132,-0.0073 q:0.999918,-0.009707,-0.003252 0.007094 wh:261,258,260,261 p:512,386 
3685 c:3.1414,0,0 w:0.0033,0.0051,-0.0002 q:0.999927,-0.009166,-0.002503 0.006880 wh:259,256,259,261 p:497,386 
3804 c:3.1414,0,0 w:0.0008,-0.0013,0.0034 q:0.999927,-0.009109,-0.002405 0.006983 wh:262,257,259,262 p:499,387 
3922 c:3.1414,0,0 w:-0.0134,-0.0068,-0.0004 q:0.999919,-0.009698,-0.002922 0.007053 wh:260,258,259,262 p:506,387 
4043 c:3.1414,0,0 w:-0.0134,-0.0068,-0.0004 q:0.999919,-0.009698,-0.002922 0.007053 wh:260,258,259,262 p:506,387 
4168 c:3.1414,0,0 w:0.0013,-0.0021,0.0092 q:0.999910,-0.009933,-0.003271 0.007854 wh:262,257,259,259 p:507,387 
4287 c:3.1414,0,0 w:-0.0024,0.0034,0.0027 q:0.999908,-0.009961,-0.003393 0.007990 wh:261,259,258,263 p:498,387 
4406 c:3.1414,0,0 w:-0.0024,0.0034,0.0027 q:0.999908,-0.009961,-0.003393 0.007990 wh:261,259,258,263 p:498,387 
4525 c:3.1414,0,0 w:-0.0108,0.0045,-0.0074 q:0.999906,-0.010537,-0.003109 0.007680 wh:259,256,259,261 p:499,387 
4648 c:3.1414,0,0 w:-0.0073,0.0031,-0.0079 q:0.999901,-0.011433,-0.002870 0.007052 wh:261,262,264,265 p:497,387 
4768 c:3.1414,0,0 w:0.0074,0.0031,0.0057 q:0.999905,-0.011218,-0.002505 0.007083 wh:262,258,259,261 p:504,387 
4886 c:3.1414,0,0 w:0.0074,0.0031,0.0057 q:0.999905,-0.011218,-0.002505 0.007083 wh:262,258,259,261 p:504,387 
5004 c:3.1414,0,0 w:0.0079,0.0011,0.0048 q:0.999912,-0.010281,-0.002229 0.007569 wh:262,260,262,262 p:501,387 
5122 c:3.1414,0,0 w:-0.0036,0.0030,0.0030 q:0.999908,-0.010336,-0.001933 0.008095 wh:262,259,260,263 p:506,387 
5243 c:3.1414,0,0 w:-0.0036,0.0030,0.0030 q:0.999908,-0.010336,-0.001933 0.008095 wh:262,259,260,263 p:506,387 
5362 c:3.1414,0,0 w:-0.0111,0.0040,-0.0112 q:0.999904,-0.011254,-0.001721 0.007365 wh:262,259,264,263 p:508,387 
5482 c:3.1414,0,0 w:-0.0048,0.0031,-0.0039 q:0.999902,-0.011705,-0.001524 0.006974 wh:264,259,262,262 p:510,387 
5602 c:3.1414,0,1 w:-0.0048,0.0031,-0.0039 q:0.999902,-0.011705,-0.001524 0.006974 wh:264,259,262,262 p:510,387 
5726 c:3.1414,0,1 w:0.0112,0.0028,0.0076 q:0.999906,-0.011100,-0.001256 0.007450 wh:262,260,264,265 p:493,387 
5843 c:3.1414,0,1 w:0.0048,0.0027,0.0108 q:0.999907,-0.010402,-0.000957 0.008274 wh:262,258,261,259 p:507,387 
5961 c:3.1414,0,1 w:-0.0091,0.0022,-0.0091 q:0.999905,-0.010752,-0.000733 0.008034 wh:263,262,262,263 p:496,387 
6081 c:3.1414,0,1 w:-0.0091,0.0022,-0.0091 q:0.999905,-0.010752,-0.000733 0.008034 wh:263,262,262,263 p:496,387 
6201 c:3.1414,0,1 w:-0.0082,0.0037,-0.0065 q:0.999901,-0.011760,-0.000425 0.007176 wh:262,259,264,263 p:504,387 
6325 c:3.1414,0,1 w:0.0036,0.0065,0.0016 q:0.999901,-0.011689,-0.000062 0.007195 wh:260,258,264,263 p:474,384 
6443 c:3.1414,0,1 w:0.0036,0.0065,0.0016 q:0.999901,-0.011689,-0.000062 0.007195 wh:260,258,264,263 p:474,384 
6560 c:3.1414,0,1 w:0.0104,0.0188,0.0138 q:0.999902,-0.010922,0.001160 0.008167 wh:253,258,270,261 p:491,385 
6677 c:3.1414,0,1 w:0.0031,0.0289,0.0019 q:0.999896,-0.010414,0.003362 0.008912 wh:252,261,290,269 p:495,386 
6797 c:3.1414,0,1 w:-0.0089,0.0390,-0.0140 q:0.999883,-0.011204,0.006451 0.007628 wh:235,261,299,264 p:491,385 
6916 c:3.1414,0,1 w:-0.0089,0.0390,-0.0140 q:0.999883,-0.011204,0.006451 0.007628 wh:235,261,299,264 p:491,385 
7034 c:3.1414,0,1 w:-0.0057,0.0508,-0.0042 q:0.999845,-0.011954,0.010638 0.006704 wh:228,255,301,257 p:490,385 
7153 c:3.1414,0,1 w:0.0098,0.0596,0.0131 q:0.999780,-0.011419,0.015688 0.007350 wh:219,257,314,260 p:491,385 
7270 c:3.1414,0,1 w:0.0098,0.0596,0.0131 q:0.999780,-0.011419,0.015688 0.007350 wh:219,257,314,260 p:491,385 
7391 c:3.1414,0,1 w:0.0075,0.0697,0.0040 q:0.999671,-0.010679,0.021609 0.008283 wh:215,261,332,265 p:489,384 
7507 c:3.1414,0,1 w:-0.0056,0.0824,-0.0178 q:0.999504,-0.010908,0.028482 0.007276 wh:207,256,336,259 p:487,384 
7626 c:3.1414,0,1 w:-0.0056,0.0824,-0.0178 q:0.999504,-0.010908,0.028482 0.007276 wh:207,256,336,259 p:487,384 
7745 c:3.1414,0,1 w:-0.0126,0.0886,-0.0169 q:0.999341,-0.011646,0.033681 0.006152 wh:197,255,350,255 p:488,384 
7864 c:3.1414,0,1 w:-0.0012,0.0993,0.0028 q:0.999008,-0.012209,0.042355 0.005518 wh:190,256,363,259 p:486,384 
7985 c:3.1414,0,1 w:0.0082,0.1106,0.0138 q:0.998567,-0.011614,0.051764 0.006456 wh:185,252,368,257 p:478,384 
8101 c:3.1414,0,1 w:0.0082,0.1106,0.0138 q:0.998567,-0.011614,0.051764 0.006456 wh:185,252,368,257 p:478,384 
8218 c:3.1414,0,1 w:0.0019,0.1184,-0.0028 q:0.997995,-0.011244,0.061859 0.006686 wh:176,255,386,257 p:482,384 
8336 c:3.1414,0,1 w:-0.0082,0.1270,-0.0242 q:0.997248,-0.011877,0.072955 0.004892 wh:169,253,396,258 p:482,384 
8480 c:3.1414,0,1 w:-0.0082,0.1270,-0.0242 q:0.997248,-0.011877,0.072955 0.004892 wh:169,253,396,258 p:482,384 
8599 c:3.1414,0,1 w:-0.0085,0.1357,-0.0085 q:0.996289,-0.012807,0.085007 0.003177 wh:164,253,406,259 p:487,385 
8718 c:3.1414,0,1 w:0.0050,0.1461,0.0144 q:0.995111,-0.012666,0.097834 0.003740 wh:158,256,415,258 p:487,386 
8835 c:3.1414,0,1 w:0.0059,0.1474,0.0077 q:0.994219,-0.012274,0.106543 0.004297 wh:151,254,417,257 p:507,386 
8951 c:3.1414,0,1 w:0.0059,0.1474,0.0077 q:0.994219,-0.012274,0.106543 0.004297 wh:151,254,417,257 p:507,386 
9072 c:3.1414,0,1 w:-0.0019,0.1513,-0.0140 q:0.992705,-0.012337,0.119849 0.003450 wh:149,258,426,263 p:498,387 
9191 c:3.1414,0,1 w:-0.0057,0.1542,-0.0202 q:0.990903,-0.013162,0.133895 0.001334 wh:138,257,423,259 p:496,387 
9310 c:3.1414,0,1 w:-0.0057,0.1542,-0.0202 q:0.990903,-0.013162,0.133895 0.001334 wh:138,257,423,259 p:496,387 
9428 c:3.1414,0,1 w:0.0001,0.1595,0.0030 q:0.988852,-0.013533,0.148255 0.000594 wh:134,262,430,263 p:513,387 
9548 c:3.1414,0,1 w:0.0040,0.1633,0.0160 q:0.986610,-0.013237,0.162530 0.001321 wh:130,258,426,262 p:497,387 
9665 c:3.1414,0,1 w:0.0040,0.1633,0.0160 q:0.986610,-0.013237,0.162530 0.001321 wh:130,258,426,262 p:497,387 
9783 c:3.1414,0,1 w:0.0028,0.1653,0.0011 q:0.984975,-0.012972,0.172176 0.001513 wh:123,259,430,264 p:504,387 
9900 c:3.1414,0,1 w:-0.0028,0.1656,-0.0228 q:0.982312,-0.013328,0.186754 -0.000231 wh:117,256,423,259 p:491,387 
10019 c:3.1414,0,1 w:-0.0053,0.1706,-0.0149 q:0.979261,-0.014110,0.202077 -0.002184 wh:115,256,422,261 p:507,387 
10144 c:3.1414,0,1 w:-0.0053,0.1706,-0.0149 q:0.979261,-0.014110,0.202077 -0.002184 wh:115,256,422,261 p:507,387 
10265 c:3.1414,0,1 w:-0.0019,0.1726,0.0106 q:0.975934,-0.014302,0.217567 -0.002152 wh:112,263,428,264 p:506,387 
10386 c:3.1414,0,1 w:0.0030,0.1775,0.0074 q:0.972307,-0.013932,0.233270 -0.001524 wh:102,260,429,263 p:496,387 
10505 c:3.1414,0,1 w:0.0030,0.1775,0.0074 q:0.972307,-0.013932,0.233270 -0.001524 wh:102,260,429,263 p:496,387 
10627 c:3.1414,0,1 w:0.0013,0.1775,-0.0123 q:0.969728,-0.013924,0.243764 -0.002203 wh:100,258,426,260 p:508,387 
10747 c:3.1414,0,1 w:-0.0019,0.1790,-0.0263 q:0.965588,-0.014540,0.259611 -0.004652 wh:96,261,434,264 p:499,388 
10867 c:3.1414,0,1 w:-0.0024,0.1841,-0.0054 q:0.960962,-0.015078,0.276189 -0.006040 wh:94,257,433,261 p:506,388 
10987 c:3.1414,0,1 w:-0.0024,0.1841,-0.0054 q:0.960962,-0.015078,0.276189 -0.006040 wh:94,257,433,261 p:506,388 
11108 c:3.1414,0,1 w:-0.0021,0.1871,0.0135 q:0.956061,-0.014938,0.292725 -0.005270 wh:89,254,426,257 p:503,388 
11230 c:3.1414,0,1 w:0.0008,0.1887,0.0033 q:0.952601,-0.014729,0.303809 -0.005019 wh:83,258,433,261 p:490,388 
11348 c:3.1414,0,1 w:0.0008,0.1887,0.0033 q:0.952601,-0.014729,0.303809 -0.005019 wh:83,258,433,261 p:490,388 
11466 c:3.1414,0,1 w:0.0016,0.1897,-0.0265 q:0.947203,-0.014961,0.320201 -0.006776 wh:80,258,436,261 p:499,388 
11585 c:3.1414,0,1 w:-0.0021,0.1897,-0.0205 q:0.941426,-0.015599,0.336724 -0.009143 wh:81,256,430,258 p:486,387 
11709 c:3.1414,0,1 w:-0.0047,0.1894,0.0094 q:0.935309,-0.015697,0.353355 -0.009134 wh:76,258,430,261 p:492,387 
11828 c:3.1414,0,1 w:-0.0047,0.1894,0.0094 q:0.935309,-0.015697,0.353355 -0.009134 wh:76,258,430,261 p:492,387 
11947 c:3.1414,0,1 w:-0.0050,0.1844,0.0106 q:0.931204,-0.015540,0.364057 -0.008440 wh:82,256,429,259 p:500,387 
12065 c:3.1414,0,1 w:-0.0018,0.1830,-0.0152 q:0.924867,-0.015822,0.379841 -0.009060 wh:93,261,441,267 p:495,388 
12185 c:3.1414,0,1 w:-0.0018,0.1830,-0.0152 q:0.924867,-0.015822,0.379841 -0.009060 wh:93,261,441,267 p:495,388 
12309 c:3.1414,0,1 w:0.0050,0.1803,-0.0254 q:0.918293,-0.016211,0.395391 -0.011520 wh:91,256,425,260 p:506,388 
12428 c:3.1414,0,1 w:-0.0024,0.1798,-0.0077 q:0.911619,-0.016399,0.410497 -0.012884 wh:93,257,426,259 p:495,388 
12548 c:3.1414,0,1 w:-0.0024,0.1798,-0.0077 q:0.911619,-0.016399,0.410497 -0.012884 wh:93,257,426,259 p:495,388 
12668 c:3.1414,0,1 w:-0.0093,0.1794,0.0108 q:0.906994,-0.016521,0.420626 -0.012437 wh:90,258,429,263 p:484,388 
12791 c:3.1414,0,1 w:-0.0039,0.1795,0.0048 q:0.899921,-0.016349,0.435579 -0.011703 wh:94,257,424,262 p:496,388 
12910 c:3.1414,0,1 w:0.0037,0.1714,-0.0239 q:0.892773,-0.016606,0.449996 -0.013265 wh:99,255,419,261 p:511,388 
13029 c:3.1414,0,1 w:0.0037,0.1714,-0.0239 q:0.892773,-0.016606,0.449996 -0.013265 wh:99,255,419,261 p:511,388 
13148 c:3.1414,0,1 w:0.0051,0.1687,-0.0176 q:0.885645,-0.016946,0.463779 -0.015661 wh:104,257,421,262 p:515,388 
13267 c:3.1414,0,1 w:-0.0025,0.1659,0.0019 q:0.880819,-0.016900,0.472870 -0.016035 wh:105,260,415,262 p:497,388 
13391 c:3.1414,0,1 w:-0.0025,0.1659,0.0019 q:0.880819,-0.016900,0.472870 -0.016035 wh:105,260,415,262 p:497,388 
13511 c:3.1414,0,1 w:-0.0089,0.1575,0.0105 q:0.873785,-0.016920,0.485774 -0.015140 wh:112,259,404,261 p:498,388 
13656 c:3.1414,0,1 w:-0.0016,0.1528,-0.0071 q:0.866794,-0.017103,0.498136 -0.015090 wh:114,260,404,261 p:499,388 
13776 c:3.1414,0,1 w:0.0089,0.1454,-0.0195 q:0.859856,-0.017242,0.509955 -0.016943 wh:119,256,393,262 p:492,388 
13900 c:3.1414,0,1 w:0.0089,0.1454,-0.0195 q:0.859856,-0.017242,0.509955 -0.016943 wh:119,256,393,262 p:492,388 
14020 c:3.1414,0,1 w:0.0022,0.1410,-0.0073 q:0.853125,-0.017193,0.521087 -0.018483 wh:125,256,391,263 p:501,388 
14141 c:3.1414,0,1 w:-0.0080,0.1378,0.0054 q:0.848613,-0.017260,0.528406 -0.018343 wh:133,256,383,262 p:497,388 
14261 c:3.1414,0,1 w:-0.0096,0.1340,0.0071 q:0.841945,-0.017309,0.539000 -0.017298 wh:134,261,381,261 p:498,388 
14381 c:3.1414,0,1 w:-0.0096,0.1340,0.0071 q:0.841945,-0.017309,0.539000 -0.017298 wh:134,261,381,261 p:498,388 
14504 c:3.1414,0,1 w:0.0039,0.1262,-0.0170 q:0.835496,-0.017500,0.548913 -0.018075 wh:144,262,384,267 p:499,388 
14624 c:3.1414,0,1 w:0.0101,0.1213,-0.0135 q:0.829167,-0.017511,0.558358 -0.020086 wh:147,257,371,259 p:496,388 
14744 c:3.1414,0,1 w:0.0101,0.1213,-0.0135 q:0.829167,-0.017511,0.558358 -0.020086 wh:147,257,371,259 p:496,388 
14865 c:3.1414,0,1 w:0.0005,0.1166,-0.0007 q:0.825111,-0.017260,0.564325 -0.020564 wh:148,261,371,265 p:497,388 
14989 c:3.1414,0,1 w:-0.0144,0.1135,0.0085 q:0.818441,-0.017425,0.573978 -0.019759 wh:154,258,362,264 p:500,388 
15109 c:3.1414,0,1 w:-0.0047,0.1094,-0.0007 q:0.812509,-0.017770,0.582356 -0.019121 wh:159,257,359,261 p:501,388 
15229 c:3.1414,0,1 w:-0.0047,0.1094,-0.0007 q:0.812509,-0.017770,0.582356 -0.019121 wh:159,257,359,261 p:501,388 
15350 c:3.1414,0,1 w:0.0100,0.1025,-0.0160 q:0.806721,-0.017681,0.590304 -0.020533 wh:164,258,356,262 p:498,388 
15470 c:3.1414,0,1 w:0.0050,0.0984,-0.0065 q:0.801167,-0.017541,0.597769 -0.022095 wh:165,257,351,262 p:504,388 
15594 c:3.1414,0,1 w:0.0050,0.0984,-0.0065 q:0.801167,-0.017541,0.597769 -0.022095 wh:165,257,351,262 p:504,388 
15714 c:3.1414,0,1 w:-0.0083,0.0960,0.0056 q:0.797538,-0.017608,0.602607 -0.021872 wh:173,256,347,260 p:500,388 
15834 c:3.1414,0,1 w:-0.0126,0.0905,0.0056 q:0.792302,-0.017863,0.609509 -0.020711 wh:178,259,345,262 p:486,388 
15954 c:3.1414,0,1 w:-0.0126,0.0905,0.0056 q:0.792302,-0.017863,0.609509 -0.020711 wh:178,259,345,262 p:486,388 
16078 c:3.1414,0,1 w:0.0034,0.0844,-0.0123 q:0.787297,-0.018200,0.615940 -0.021011 wh:181,260,342,261 p:499,388 
16198 c:3.1414,0,1 w:0.0132,0.0822,-0.0147 q:0.784072,-0.018159,0.619997 -0.022270 wh:183,259,331,258 p:505,388 
16318 c:3.1414,0,1 w:0.0050,0.0781,0.0001 q:0.779437,-0.017647,0.625787 -0.023401 wh:185,258,332,260 p:498,388 
16437 c:3.1414,0,1 w:0.0050,0.0781,0.0001 q:0.779437,-0.017647,0.625787 -0.023401 wh:185,258,332,260 p:498,388 
16556 c:3.1414,0,1 w:-0.0143,0.0726,0.0086 q:0.775041,-0.017582,0.631261 -0.022445 wh:193,260,327,263 p:501,388 
16679 c:3.1414,0,1 w:-0.0068,0.0708,-0.0021 q:0.770774,-0.018068,0.636477 -0.021652 wh:198,260,325,264 p:492,388 
16800 c:3.1414,0,1 w:-0.0068,0.0708,-0.0021 q:0.770774,-0.018068,0.636477 -0.021652 wh:198,260,325,264 p:492,388 
16921 c:3.1414,0,1 w:0.0075,0.0668,-0.0115 q:0.768006,-0.018196,0.639787 -0.022366 wh:196,256,319,260 p:501,388 
17042 c:3.1414,0,1 w:0.0121,0.0647,-0.0057 q:0.764130,-0.017841,0.644364 -0.023932 wh:207,261,321,262 p:504,388 
17165 c:3.1414,0,1 w:-0.0059,0.0589,0.0092 q:0.760565,-0.017395,0.648586 -0.023769 wh:208,262,313,261 p:500,388 
17286 c:3.1414,0,1 w:-0.0059,0.0589,0.0092 q:0.760565,-0.017395,0.648586 -0.023769 wh:208,262,313,261 p:500,388 
17405 c:3.1414,0,1 w:-0.0146,0.0564,0.0040 q:0.757049,-0.017800,0.652720 -0.022542 wh:206,257,310,259 p:497,388 
17525 c:3.1414,0,1 w:-0.0070,0.0540,-0.0083 q:0.754764,-0.018358,0.655346 -0.022510 wh:209,257,306,259 p:501,388 
17646 c:3.1414,0,1 w:-0.0070,0.0540,-0.0083 q:0.754764,-0.018358,0.655346 -0.022510 wh:209,257,306,259 p:501,388 
17771 c:3.1414,0,1 w:0.0118,0.0491,-0.0123 q:0.751581,-0.018378,0.658947 -0.023832 wh:221,261,312,265 p:507,388 
17891 c:3.1414,0,1 w:0.0083,0.0463,0.0030 q:0.748656,-0.017531,0.662253 -0.024864 wh:217,256,300,262 p:498,388 
18011 c:3.1414,0,1 w:-0.0125,0.0428,0.0082 q:0.745935,-0.017499,0.665347 -0.024064 wh:218,257,299,261 p:491,388 
18130 c:3.1414,0,1 w:-0.0125,0.0428,0.0082 q:0.745935,-0.017499,0.665347 -0.024064 wh:218,257,299,261 p:491,388 
18253 c:3.1414,0,1 w:-0.0118,0.0459,0.0042 q:0.744053,-0.017837,0.667472 -0.023228 wh:221,259,297,262 p:503,388 
18374 c:3.1414,0,1 w:0.0054,0.0418,-0.0085 q:0.741362,-0.018233,0.670436 -0.023600 wh:228,260,298,261 p:493,388 
18494 c:3.1414,0,1 w:0.0054,0.0418,-0.0085 q:0.741362,-0.018233,0.670436 -0.023600 wh:228,260,298,261 p:493,388 
18614 c:3.1414,0,1 w:0.0117,0.0369,-0.0069 q:0.738910,-0.017691,0.673098 -0.025082 wh:226,256,292,261 p:490,388 
18734 c:3.1414,0,1 w:0.0017,0.0359,0.0042 q:0.737417,-0.017316,0.674736 -0.025292 wh:231,256,291,262 p:487,388 
18856 c:3.1414,0,1 w:-0.0117,0.0346,0.0068 q:0.735234,-0.017354,0.677152 -0.024219 wh:228,260,291,259 p:501,388 
18976 c:3.1414,0,1 w:-0.0117,0.0346,0.0068 q:0.735234,-0.017354,0.677152 -0.024219 wh:228,260,291,259 p:501,388 
19096 c:3.1414,0,1 w:-0.0054,0.0317,-0.0057 q:0.733135,-0.018029,0.679429 -0.023558 wh:232,258,286,262 p:501,388 
19217 c:3.1414,0,1 w:0.0135,0.0308,-0.0102 q:0.731170,-0.018077,0.681500 -0.024736 wh:234,256,282,260 p:501,388 
19341 c:3.1414,0,1 w:0.0135,0.0308,-0.0102 q:0.731170,-0.018077,0.681500 -0.024736 wh:234,256,282,260 p:501,388 
19461 c:3.1414,0,1 w:0.0123,0.0288,0.0005 q:0.729939,-0.017490,0.682806 -0.025500 wh:235,261,285,264 p:488,388 
19579 c:3.1414,0,1 w:-0.0076,0.0266,0.0111 q:0.728213,-0.016981,0.684673 -0.025135 wh:239,258,283,262 p:504,388 
19700 c:3.1414,0,1 w:-0.0076,0.0266,0.0111 q:0.728213,-0.016981,0.684673 -0.025135 wh:239,258,283,262 p:504,388 
19820 c:3.1414,0,1 w:-0.0144,0.0262,0.0028 q:0.726526,-0.017492,0.686498 -0.023804 wh:238,260,280,260 p:492,388 
19944 c:3.1414,0,1 w:0.0040,0.0239,-0.0131 q:0.724881,-0.018127,0.688200 -0.024322 wh:243,261,282,264 p:495,388 
20064 c:3.1414,0,1 w:0.0158,0.0242,-0.0040 q:0.723869,-0.017824,0.689240 -0.025232 wh:242,256,278,259 p:489,388 
20184 c:3.1414,0,1 w:0.0158,0.0242,-0.0040 q:0.723869,-0.017824,0.689240 -0.025232 wh:242,256,278,259 p:489,388 
20303 c:3.1414,0,1 w:0.0062,0.0231,0.0088 q:0.722457,-0.016806,0.690725 -0.025751 wh:243,261,279,265 p:501,388 
20426 c:3.1414,0,1 w:-0.0157,0.0201,0.0063 q:0.721085,-0.016798,0.692199 -0.024628 wh:246,259,277,262 p:491,388 
20546 c:3.1414,0,1 w:-0.0157,0.0201,0.0063 q:0.721085,-0.016798,0.692199 -0.024628 wh:246,259,277,262 p:491,388 
20666 c:3.1414,0,1 w:-0.0089,0.0216,-0.0066 q:0.719703,-0.017770,0.693638 -0.023849 wh:246,262,278,263 p:497,388 
20788 c:3.1414,0,1 w:0.0075,0.0231,-0.0102 q:0.718707,-0.017937,0.694645 -0.024469 wh:244,257,276,262 p:497,388 
20908 c:3.1414,0,1 w:0.0143,0.0193,-0.0024 q:0.717403,-0.017075,0.695967 -0.025751 wh:245,258,279,263 p:498,388 
21031 c:3.1414,0,1 w:0.0143,0.0193,-0.0024 q:0.717403,-0.017075,0.695967 -0.025751 wh:245,258,279,263 p:498,388 
21151 c:3.1414,0,1 w:-0.0041,0.0201,0.0053 q:0.716161,-0.016575,0.697262 -0.025620 wh:245,259,279,261 p:499,388 
21271 c:3.1414,0,1 w:-0.0151,0.0193,0.0088 q:0.715310,-0.016744,0.698167 -0.024620 wh:247,256,275,258 p:494,388 
21391 c:3.1414,0,1 w:-0.0151,0.0193,0.0088 q:0.715310,-0.016744,0.698167 -0.024620 wh:247,256,275,258 p:494,388 
21515 c:3.1414,0,1 w:-0.0038,0.0204,-0.0057 q:0.713968,-0.017472,0.699537 -0.024156 wh:247,261,278,264 p:499,388 
21636 c:3.1414,0,1 w:0.0134,0.0173,-0.0080 q:0.712794,-0.017221,0.700699 -0.025299 wh:251,261,275,262 p:497,388 
21755 c:3.1414,0,1 w:0.0074,0.0153,0.0051 q:0.711718,-0.016168,0.701796 -0.025888 wh:248,259,275,261 p:494,389 
21875 c:3.1414,0,1 w:0.0074,0.0153,0.0051 q:0.711718,-0.016168,0.701796 -0.025888 wh:248,259,275,261 p:494,389 
21994 c:3.1414,0,1 w:-0.0077,0.0137,0.0103 q:0.711074,-0.015969,0.702474 -0.025303 wh:251,257,269,263 p:503,389 
22117 c:3.1414,0,1 w:-0.0157,0.0133,-0.0019 q:0.710182,-0.016770,0.703398 -0.024167 wh:248,259,270,260 p:501,389 
22238 c:3.1414,0,1 w:-0.0157,0.0133,-0.0019 q:0.710182,-0.016770,0.703398 -0.024167 wh:248,259,270,260 p:501,389 
22360 c:3.1414,0,1 w:0.0069,0.0140,-0.0080 q:0.709213,-0.017249,0.704351 -0.024518 wh:254,258,272,263 p:503,388 
22479 c:3.1414,0,1 w:0.0185,0.0130,0.0028 q:0.708350,-0.016427,0.705197 -0.025675 wh:251,259,269,262 p:507,389 
22602 c:3.1414,0,1 w:-0.0019,0.0123,0.0076 q:0.707645,-0.015641,0.705921 -0.025718 wh:250,258,268,263 p:494,388 
22722 c:3.1414,0,1 w:-0.0019,0.0123,0.0076 q:0.707645,-0.015641,0.705921 -0.025718 wh:250,258,268,263 p:494,388 
22842 c:3.1414,0,1 w:-0.0146,0.0130,0.0056 q:0.707104,-0.015836,0.706488 -0.024880 wh:254,262,271,264 p:490,388 
22962 c:3.1414,0,1 w:-0.0068,0.0126,-0.0057 q:0.706265,-0.016741,0.707329 -0.024217 wh:253,258,270,261 p:493,388 
23083 c:3.1414,0,1 w:-0.0068,0.0126,-0.0057 q:0.706265,-0.016741,0.707329 -0.024217 wh:253,258,270,261 p:493,388 
23207 c:3.1414,0,1 w:0.0164,0.0132,-0.0083 q:0.705400,-0.016712,0.708153 -0.025351 wh:249,254,263,259 p:493,388 
23327 c:3.1414,0,1 w:0.0118,0.0138,0.0080 q:0.704631,-0.015550,0.708920 -0.026013 wh:252,258,267,259 p:493,388 
23446 c:3.1414,0,1 w:0.0118,0.0138,0.0080 q:0.704631,-0.015550,0.708920 -0.026013 wh:252,258,267,259 p:493,388 
23566 c:3.1414,0,1 w:-0.0036,0.0123,0.0070 q:0.704129,-0.015186,0.709434 -0.025807 wh:252,257,268,260 p:502,389 
23689 c:3.1414,0,1 w:-0.0170,0.0141,-0.0010 q:0.703242,-0.015936,0.710336 -0.024715 wh:249,259,266,259 p:500,388 
23810 c:3.1414,0,1 w:-0.0001,0.0144,-0.0033 q:0.702290,-0.016690,0.711268 -0.024506 wh:249,258,269,259 p:496,388 
23931 c:3.1414,0,1 w:-0.0001,0.0144,-0.0033 q:0.702290,-0.016690,0.711268 -0.024506 wh:249,258,269,259 p:496,388 
24052 c:3.1414,0,1 w:0.0153,0.0117,0.0001 q:0.701443,-0.015788,0.712090 -0.025448 wh:250,258,269,263 p:485,389 
24171 c:3.1414,0,1 w:0.0074,0.0126,0.0056 q:0.700943,-0.015150,0.712586 -0.025737 wh:253,256,271,260 p:504,388 
24293 c:3.1414,0,1 w:0.0074,0.0126,0.0056 q:0.700943,-0.015150,0.712586 -0.025737 wh:253,256,271,260 p:504,388 
24412 c:3.1414,0,1 w:-0.0125,0.0132,0.0050 q:0.700131,-0.014995,0.713416 -0.024927 wh:250,258,268,257 p:504,388 
24532 c:3.1414,0,1 w:-0.0120,0.0118,-0.0034 q:0.699294,-0.015978,0.714247 -0.023982 wh:251,257,267,262 p:493,388 
24653 c:3.1414,0,1 w:0.0112,0.0103,-0.0047 q:0.698551,-0.016056,0.714948 -0.024672 wh:252,255,266,258 p:499,389 
24777 c:3.1414,0,1 w:0.0112,0.0103,-0.0047 q:0.698551,-0.016056,0.714948 -0.024672 wh:252,255,266,258 p:499,389 
24897 c:3.1414,0,1 w:0.0184,0.0129,0.0036 q:0.698034,-0.015226,0.715445 -0.025424 wh:254,258,266,262 p:497,388 
25016 c:3.1414,0,1 w:-0.0019,0.0095,0.0080 q:0.697376,-0.014427,0.716102 -0.025464 wh:253,255,266,259 p:499,389 
25136 c:3.1414,0,1 w:-0.0019,0.0095,0.0080 q:0.697376,-0.014427,0.716102 -0.025464 wh:253,255,266,259 p:499,389 
25255 c:3.1414,0,1 w:-0.0167,0.0098,-0.0030 q:0.696745,-0.015139,0.716739 -0.024390 wh:254,256,268,263 p:504,389 
25380 c:3.1414,0,1 w:-0.0007,0.0121,-0.0077 q:0.695964,-0.016193,0.717474 -0.024387 wh:256,263,274,265 p:500,389 
25501 c:3.1414,0,1 w:0.0161,0.0112,-0.0021 q:0.695481,-0.015803,0.717926 -0.025100 wh:253,256,266,260 p:507,389 
25621 c:3.1414,0,1 w:0.0161,0.0112,-0.0021 q:0.695481,-0.015803,0.717926 -0.025100 wh:253,256,266,260 p:507,389 
25741 c:3.1414,0,1 w:0.0094,0.0112,0.0077 q:0.694784,-0.014575,0.718606 -0.025679 wh:257,261,269,264 p:488,389 
25864 c:3.1414,0,1 w:-0.0108,0.0106,0.0011 q:0.694047,-0.014506,0.719338 -0.025144 wh:252,257,266,259 p:502,389 
25984 c:3.1414,0,1 w:-0.0108,0.0106,0.0011 q:0.694047,-0.014506,0.719338 -0.025144 wh:252,257,266,259 p:502,389 
26103 c:3.1414,0,1 w:-0.0157,0.0123,-0.0047 q:0.693222,-0.015796,0.720139 -0.024194 wh:253,260,267,259 p:489,389 
26224 c:3.1414,0,1 w:0.0020,0.0129,-0.0040 q:0.692614,-0.016081,0.720714 -0.024299 wh:253,260,268,262 p:500,389 
26344 c:3.1414,0,1 w:0.0167,0.0133,0.0040 q:0.691691,-0.015034,0.721592 -0.025183 wh:250,260,269,263 p:508,389 
26467 c:3.1414,0,1 w:0.0167,0.0133,0.0040 q:0.691691,-0.015034,0.721592 -0.025183 wh:250,260,269,263 p:508,389 
26586 c:3.1414,0,1 w:0.0013,0.0143,0.0068 q:0.690846,-0.014165,0.722411 -0.025404 wh:251,256,266,260 p:503,389 
26705 c:3.1414,0,1 w:-0.0117,0.0149,0.0031 q:0.690173,-0.014305,0.723074 -0.024757 wh:251,263,273,264 p:504,388 
26825 c:3.1414,0,1 w:-0.0117,0.0149,0.0031 q:0.690173,-0.014305,0.723074 -0.024757 wh:251,263,273,264 p:504,388 
26963 c:3.1414,0,1 w:-0.0096,0.0152,-0.0059 q:0.689142,-0.015403,0.724056 -0.024091 wh:251,258,273,260 p:499,388 
27085 c:3.1414,0,1 w:0.0104,0.0126,-0.0021 q:0.688263,-0.014444,0.724863 -0.025510 wh:250,257,269,260 p:497,388 
27205 c:3.1414,0,1 w:0.0124,0.0146,0.0073 q:0.687332,-0.013161,0.725743 -0.026246 wh:256,263,274,266 p:502,388 
27333 c:3.1414,0,1 w:0.0124,0.0146,0.0073 q:0.687332,-0.013161,0.725743 -0.026246 wh:256,263,274,266 p:502,388 
27452 c:3.1414,0,1 w:-0.0021,0.0127,0.0030 q:0.686816,-0.012892,0.726241 -0.026131 wh:251,259,272,263 p:490,389 
27576 c:3.1414,0,1 w:-0.0172,0.0132,-0.0050 q:0.685971,-0.013953,0.727052 -0.025201 wh:252,257,267,260 p:494,389 
27697 c:3.1414,0,1 w:-0.0172,0.0132,-0.0050 q:0.685971,-0.013953,0.727052 -0.025201 wh:252,257,267,260 p:494,389 
27817 c:3.1414,0,1 w:0.0005,0.0144,-0.0042 q:0.685026,-0.014827,0.727928 -0.025154 wh:255,258,272,262 p:490,389 
27938 c:3.1414,0,1 w:0.0198,0.0149,0.0048 q:0.684117,-0.013794,0.728775 -0.025929 wh:254,258,274,263 p:494,389 
28061 c:3.1414,0,1 w:0.0098,0.0126,0.0048 q:0.683564,-0.013036,0.729295 -0.026280 wh:254,260,271,261 p:492,389 
28180 c:3.1414,0,1 w:0.0098,0.0126,0.0048 q:0.683564,-0.013036,0.729295 -0.026280 wh:254,260,271,261 p:492,389 
28299 c:3.1414,0,1 w:-0.0137,0.0140,-0.0014 q:0.682688,-0.013339,0.730123 -0.025885 wh:252,256,269,260 p:490,389 
28420 c:3.1414,0,1 w:-0.0103,0.0135,-0.0065 q:0.681698,-0.014574,0.731048 -0.025216 wh:252,256,271,261 p:501,389 
28540 c:3.1414,0,1 w:-0.0103,0.0135,-0.0065 q:0.681698,-0.014574,0.731048 -0.025216 wh:252,256,271,261 p:501,389 
28665 c:3.1414,0,1 w:0.0019,0.0153,-0.0019 q:0.680984,-0.014731,0.731706 -0.025334 wh:250,258,270,260 p:492,389 
28786 c:3.1414,0,1 w:0.0193,0.0150,0.0025 q:0.679925,-0.013625,0.732675 -0.026361 wh:250,260,273,261 p:492,389 
28905 c:3.1414,0,1 w:-0.0012,0.0152,0.0028 q:0.678948,-0.012959,0.733584 -0.026607 wh:248,258,273,262 p:491,389 
29025 c:3.1414,0,1 w:-0.0012,0.0152,0.0028 q:0.678948,-0.012959,0.733584 -0.026607 wh:248,258,273,262 p:491,389 
29149 c:3.1414,0,1 w:-0.0161,0.0185,-0.0014 q:0.677753,-0.013803,0.734703 -0.025750 wh:249,261,274,261 p:491,389 
29270 c:3.1414,0,1 w:-0.0088,0.0201,-0.0030 q:0.676849,-0.014362,0.735542 -0.025278 wh:249,259,275,263 p:501,389 
29391 c:3.1414,0,1 w:-0.0088,0.0201,-0.0030 q:0.676849,-0.014362,0.735542 -0.025278 wh:249,259,275,263 p:501,389 
29512 c:3.1414,0,1 w:0.0117,0.0173,0.0013 q:0.675598,-0.013940,0.736685 -0.025684 wh:243,257,270,262 p:493,389 
29631 c:3.1414,0,1 w:0.0124,0.0170,0.0054 q:0.674393,-0.012689,0.737787 -0.026343 wh:247,255,273,260 p:498,389 
29754 c:3.1414,0,1 w:-0.0102,0.0170,-0.0037 q:0.673183,-0.012815,0.738893 -0.026246 wh:246,258,276,260 p:495,388 
29875 c:3.1414,0,1 w:-0.0102,0.0170,-0.0037 q:0.673183,-0.012815,0.738893 -0.026246 wh:246,258,276,260 p:495,388 
29996 c:3.1414,0,1 w:-0.0181,0.0187,-0.0065 q:0.672390,-0.013837,0.739613 -0.025777 wh:246,256,275,261 p:489,389 
30117 c:3.1414,0,1 w:0.0011,0.0199,0.0013 q:0.670997,-0.014289,0.740884 -0.025329 wh:243,259,275,259 p:485,389 
30239 c:3.1414,0,1 w:0.0011,0.0199,0.0013 q:0.670997,-0.014289,0.740884 -0.025329 wh:243,259,275,259 p:485,389 
30358 c:3.1414,0,1 w:0.0170,0.0173,0.0045 q:0.669684,-0.012936,0.742072 -0.026014 wh:247,259,277,261 p:493,389 
30478 c:3.1414,0,1 w:0.0008,0.0164,-0.0021 q:0.668530,-0.012390,0.743106 -0.026455 wh:246,257,275,261 p:484,389 
30598 c:3.1414,0,1 w:0.0008,0.0164,-0.0021 q:0.667677,-0.012932,0.743106 -0.026455 wh:246,257,275,261 p:493,389 
30717 c:3.1414,0,1 w:-0.0125,0.0175,-0.0036 q:0.667677,-0.012932,0.743873 -0.026164 wh:243,254,274,259 p:493,389 
30842 c:3.1414,0,1 w:-0.0086,0.0205,-0.0024 q:0.666242,-0.013984,0.745162 -0.025529 wh:244,257,274,260 p:485,388 
30963 c:3.1414,0,1 w:0.0104,0.0196,0.0040 q:0.664873,-0.013453,0.746386 -0.025728 wh:246,258,276,260 p:502,389 
31082 c:3.1414,0,1 w:0.0104,0.0196,0.0040 q:0.664873,-0.013453,0.746386 -0.025728 wh:246,258,276,260 p:502,389 
31202 c:3.1414,0,1 w:0.0115,0.0182,0.0042 q:0.663573,-0.012165,0.747538 -0.026464 wh:242,259,277,262 p:502,389 
31324 c:3.1414,0,1 w:-0.0021,0.0199,-0.0024 q:0.662617,-0.012135,0.748381 -0.026598 wh:241,254,275,258 p:490,388 
31444 c:3.1414,0,1 w:-0.0021,0.0199,-0.0024 q:0.662617,-0.012135,0.748381 -0.026598 wh:241,254,275,258 p:490,388 
31566 c:3.1414,0,1 w:-0.0166,0.0225,-0.0031 q:0.661059,-0.013183,0.749764 -0.025914 wh:243,258,277,260 p:493,389 
31687 c:3.1414,0,1 w:-0.0002,0.0234,-0.0005 q:0.659358,-0.013601,0.751268 -0.025514 wh:242,257,279,260 p:493,389 
31808 c:3.1414,0,1 w:0.0130,0.0246,0.0037 q:0.657631,-0.012577,0.752776 -0.026126 wh:239,256,276,260 p:496,389 
31931 c:3.1414,0,1 w:0.0130,0.0246,0.0037 q:0.657631,-0.012577,0.752776 -0.026126 wh:239,256,276,260 p:496,389 
32050 c:3.1414,0,1 w:0.0121,0.0259,0.0028 q:0.656460,-0.011793,0.753792 -0.026654 wh:242,257,281,264 p:500,389 
32168 c:3.1414,0,1 w:-0.0109,0.0236,-0.0074 q:0.654704,-0.012305,0.755311 -0.026614 wh:239,257,279,260 p:495,389 
32289 c:3.1414,0,1 w:-0.0109,0.0236,-0.0074 q:0.654704,-0.012305,0.755311 -0.026614 wh:239,257,279,260 p:495,389 
32414 c:3.1414,0,1 w:-0.0126,0.0279,-0.0013 q:0.652755,-0.013504,0.757003 -0.025818 wh:237,256,283,259 p:503,389 
32536 c:3.1414,0,1 w:0.0059,0.0297,0.0037 q:0.651370,-0.013252,0.758201 -0.025793 wh:238,259,283,262 p:504,389 
32655 c:3.1414,0,1 w:0.0124,0.0266,0.0013 q:0.649440,-0.012076,0.759851 -0.026461 wh:237,256,284,259 p:494,389 
32774 c:3.1414,0,1 w:0.0124,0.0266,0.0013 q:0.649440,-0.012076,0.759851 -0.026461 wh:237,256,284,259 p:494,389 
32892 c:3.1414,0,1 w:-0.0009,0.0271,-0.0033 q:0.647578,-0.011723,0.761428 -0.026922 wh:239,260,287,264 p:481,388 
33017 c:3.1414,0,1 w:-0.0140,0.0265,-0.0028 q:0.645528,-0.012684,0.763168 -0.026424 wh:241,261,286,262 p:496,388 
33138 c:3.1414,0,1 w:-0.0140,0.0265,-0.0028 q:0.645528,-0.012684,0.763168 -0.026424 wh:241,261,286,262 p:496,388 
33259 c:3.1414,0,1 w:-0.0083,0.0288,-0.0030 q:0.644141,-0.013205,0.764340 -0.026153 wh:238,260,283,262 p:499,389 
33381 c:3.1414,0,1 w:0.0115,0.0283,0.0033 q:0.642076,-0.012506,0.766074 -0.026528 wh:238,256,285,259 p:509,389 
33504 c:3.1414,0,1 w:0.0201,0.0282,0.0112 q:0.640087,-0.011033,0.767737 -0.027169 wh:233,256,284,260 p:489,389 
33623 c:3.1414,0,1 w:0.0201,0.0282,0.0112 q:0.640087,-0.011033,0.767737 -0.027169 wh:233,256,284,260 p:489,389 
33741 c:3.1414,0,1 w:0.0028,-0.0074,0.0134 q:0.640385,-0.007419,0.767516 -0.027613 wh:237,257,285,259 p:503,389 
