
Comms Startup 
559
569 c:3.1414,0,0 w:0.0000,0.0000,0.0000 q:0.000000,0.000000,0.000000 0.000000 wh:91,99,92,89 p:363,477 
676 c:3.1414,0,0 w:0.0000,0.0000,0.0000 q:0.000000,0.000000,0.000000 0.000000 wh:91,99,92,89 p:363,477 
785 c:3.1414,0,0 w:0.0000,0.0000,0.0000 q:0.000000,0.000000,0.000000 0.000000 wh:162,159,157,155 p:457,509 
899 c:3.1414,0,0 w:0.0000,0.0000,0.0000 q:0.000000,0.000000,0.000000 0.000000 wh:196,197,197,194 p:481,512 
1012 c:3.1414,0,0 w:0.0000,0.0000,0.0000 q:0.000000,0.000000,0.000000 0.000000 wh:196,197,197,194 p:481,512 
1130 c:3.1414,0,0 w:0.0000,0.0000,0.0000 q:0.000000,0.000000,0.000000 0.000000 wh:208,208,207,207 p:479,513 
1243 c:3.1414,0,0 w:0.0000,0.0000,0.0000 q:0.000000,0.000000,0.000000 0.000000 wh:230,231,230,229 p:496,520 
1357 c:3.1414,0,0 w:0.0000,0.0000,0.0000 q:0.000000,0.000000,0.000000 0.000000 wh:230,231,230,229 p:496,520 
1472 c:3.1414,0,0 w:0.0000,0.0000,0.0000 q:0.000000,0.000000,0.000000 0.000000 wh:240,242,240,242 p:525,526 
1587 c:3.1414,0,0 w:0.0000,0.0000,0.0000 q:0.000000,0.000000,0.000000 0.000000 wh:254,252,251,252 p:538,531 
1704 c:3.1414,0,0 w:0.0000,0.0000,0.0000 q:0.000000,0.000000,0.000000 0.000000 wh:254,252,251,252 p:538,531 
1817 c:3.1414,0,0 w:0.0000,0.0000,0.0000 q:0.000000,0.000000,0.000000 0.000000 wh:261,261,261,263 p:529,529 
1932 c:3.1414,0,0 w:0.0000,0.0000,0.0000 q:0.000000,0.000000,0.000000 0.000000 wh:266,264,267,266 p:525,530 
2046 c:3.1414,0,0 w:0.0000,0.0000,0.0000 q:0.000000,0.000000,0.000000 0.000000 wh:274,268,272,268 p:538,535 
2164 c:3.1414,0,0 w:0.0000,0.0000,0.0000 q:0.000000,0.000000,0.000000 0.000000 wh:274,268,272,268 p:538,535 
2277 c:3.1414,0,0 w:0.0057,-0.0001,0.0087 q:0.999906,0.006262,0.002774 0.011487 wh:274,271,275,274 p:522,533 
2393 c:3.1414,0,0 w:-0.0053,0.0017,-0.0085 q:0.999907,0.006234,0.002830 0.011404 wh:279,274,277,276 p:544,534 
2509 c:3.1414,0,0 w:-0.0053,0.0017,-0.0085 q:0.999907,0.006234,0.002830 0.011404 wh:279,274,277,276 p:544,534 
2625 c:3.1414,0,0 w:0.0025,0.0017,0.0054 q:0.999904,0.006373,0.003030 0.011516 wh:278,276,279,281 p:546,533 
2744 c:3.1414,0,0 w:-0.0006,0.0011,-0.0024 q:0.999905,0.006410,0.003126 0.011383 wh:283,278,282,280 p:545,538 
2859 c:3.1414,0,0 w:-0.0006,0.0011,-0.0024 q:0.999905,0.006410,0.003126 0.011383 wh:283,278,282,280 p:545,538 
2975 c:3.1414,0,0 w:0.0035,0.0042,-0.0022 q:0.999903,0.006569,0.003312 0.011475 wh:279,279,280,279 p:526,535 
3091 c:3.1414,0,0 w:-0.0038,0.0031,-0.0038 q:0.999902,0.006593,0.003435 0.011479 wh:281,279,280,280 p:546,535 
3208 c:3.1414,0,0 w:-0.0038,0.0031,-0.0038 q:0.999902,0.006593,0.003435 0.011479 wh:281,279,280,280 p:546,535 
3328 c:3.1414,0,0 w:0.0028,-0.0018,0.0002 q:0.999901,0.006797,0.003556 0.011410 wh:283,283,285,286 p:540,538 
3442 c:3.1414,0,0 w:-0.0006,0.0061,-0.0055 q:0.999898,0.006873,0.003799 0.011537 wh:283,280,281,283 p:542,537 
3558 c:3.1414,0,0 w:0.0032,-0.0041,0.0019 q:0.999899,0.006972,0.003841 0.011444 wh:281,279,281,280 p:538,537 
3674 c:3.1414,0,0 w:0.0032,-0.0041,0.0019 q:0.999899,0.006972,0.003841 0.011444 wh:281,279,281,280 p:538,537 
3792 c:3.1414,0,0 w:0.0000,0.0046,0.0017 q:0.999895,0.007103,0.004126 0.011602 wh:285,282,281,281 p:546,535 
3906 c:3.1414,0,0 w:-0.0012,0.0043,-0.0058 q:0.999897,0.007098,0.004283 0.011378 wh:283,278,282,283 p:541,539 
4023 c:3.1414,0,0 w:-0.0012,0.0043,-0.0058 q:0.999897,0.007098,0.004283 0.011378 wh:283,278,282,283 p:541,539 
4140 c:3.1414,0,0 w:0.0032,0.0009,0.0020 q:0.999889,0.007473,0.004332 0.011788 wh:283,282,285,282 p:545,536 
4253 c:3.1414,0,0 w:-0.0033,0.0022,-0.0085 q:0.999895,0.007291,0.004504 0.011277 wh:284,282,282,285 p:533,537 
4374 c:3.1414,0,0 w:-0.0033,0.0022,-0.0085 q:0.999895,0.007291,0.004504 0.011277 wh:284,282,282,285 p:533,537 
4489 c:3.1414,0,0 w:-0.0044,0.0029,-0.0100 q:0.999889,0.007572,0.004616 0.011622 wh:281,283,284,281 p:549,538 
4605 c:3.1414,0,0 w:0.0055,0.0002,-0.0024 q:0.999903,0.007995,0.004554 0.010012 wh:283,279,284,282 p:539,539 
4721 c:3.1414,0,0 w:0.0055,0.0002,-0.0024 q:0.999903,0.007995,0.004554 0.010012 wh:283,279,284,282 p:539,539 
4840 c:3.1414,0,0 w:0.0002,0.0022,-0.0102 q:0.999908,0.007897,0.004721 0.009494 wh:284,279,281,285 p:538,537 
4955 c:3.1414,0,0 w:0.0040,0.0019,0.0062 q:0.999903,0.008150,0.004793 0.009790 wh:288,283,285,282 p:553,535 
5068 c:3.1414,0,0 w:-0.0007,0.0014,-0.0048 q:0.999904,0.008217,0.004860 0.009615 wh:286,280,280,281 p:540,540 
5185 c:3.1414,0,0 w:-0.0007,0.0014,-0.0048 q:0.999904,0.008217,0.004860 0.009615 wh:286,280,280,281 p:540,540 
5302 c:3.1414,0,0 w:0.0071,0.0005,0.0068 q:0.999898,0.008522,0.004889 0.009907 wh:284,283,281,282 p:544,537 
5420 c:3.1414,0,0 w:0.0026,-0.0003,0.0066 q:0.999899,0.008429,0.005087 0.009836 wh:286,283,280,283 p:542,537 
5534 c:3.1414,0,0 w:0.0026,-0.0003,0.0066 q:0.999899,0.008429,0.005087 0.009836 wh:286,283,280,283 p:542,537 
5650 c:3.1414,0,1 w:0.0014,0.0009,0.0019 q:0.999895,0.008637,0.005215 0.009982 wh:283,281,284,283 p:539,538 
5764 c:3.1414,0,1 w:0.0005,0.0048,-0.0036 q:0.999893,0.008740,0.005446 0.009975 wh:283,282,282,286 p:550,540 
5879 c:3.1414,0,1 w:0.0005,0.0048,-0.0036 q:0.999893,0.008740,0.005446 0.009975 wh:283,282,282,286 p:550,540 
5998 c:3.1414,0,1 w:0.0010,0.0067,0.0003 q:0.999889,0.008800,0.005641 0.010168 wh:282,284,284,285 p:539,536 
6112 c:3.1414,0,1 w:0.0006,-0.0010,0.0057 q:0.999889,0.008866,0.005626 0.010106 wh:283,284,281,283 p:516,530 
6227 c:3.1414,0,1 w:0.0006,-0.0010,0.0057 q:0.999889,0.008866,0.005626 0.010106 wh:283,284,281,283 p:516,530 
6342 c:3.1414,0,1 w:-0.0004,0.0028,-0.0042 q:0.999887,0.008942,0.005860 0.010176 wh:285,284,286,287 p:499,523 
6463 c:3.1414,0,1 w:0.0045,0.0031,0.0002 q:0.999884,0.009066,0.005944 0.010247 wh:295,293,298,299 p:503,523 
6577 c:3.1414,0,1 w:-0.0018,0.0043,-0.0004 q:0.999883,0.009084,0.006116 0.010265 wh:308,305,306,308 p:510,522 
6692 c:3.1414,0,1 w:-0.0018,0.0043,-0.0004 q:0.999883,0.009084,0.006116 0.010265 wh:308,305,306,308 p:510,522 
6809 c:3.1414,0,1 w:0.0014,0.0049,-0.0009 q:0.999880,0.009240,0.006379 0.010284 wh:315,315,314,315 p:512,521 
6925 c:3.1414,0,1 w:0.0019,0.0005,0.0025 q:0.999878,0.009311,0.006488 0.010330 wh:330,326,326,328 p:494,521 
7043 c:3.1414,0,1 w:0.0019,0.0005,0.0025 q:0.999878,0.009311,0.006488 0.010330 wh:330,326,326,328 p:494,521 
7156 c:3.1414,0,1 w:0.0039,0.0032,0.0029 q:0.999873,0.009518,0.006527 0.010601 wh:336,331,334,336 p:497,518 
7271 c:3.1414,0,1 w:0.0013,0.0008,0.0011 q:0.999869,0.009698,0.006668 0.010761 wh:347,344,344,345 p:486,517 
7385 c:3.1414,0,1 w:0.0013,0.0008,0.0011 q:0.999869,0.009698,0.006668 0.010761 wh:347,344,344,345 p:486,517 
7503 c:3.1414,0,1 w:0.0017,0.0020,0.0025 q:0.999865,0.009849,0.006811 0.010888 wh:363,359,362,364 p:483,517 
7616 c:3.1414,0,1 w:0.0016,0.0023,0.0002 q:0.999863,0.009940,0.006966 0.010853 wh:366,366,366,366 p:488,518 
7731 c:3.1414,0,1 w:0.0016,0.0023,0.0002 q:0.999863,0.009940,0.006966 0.010853 wh:366,366,366,366 p:488,518 
7845 c:3.1414,0,1 w:0.0037,0.0028,-0.0007 q:0.999860,0.010168,0.007030 0.010890 wh:379,376,379,377 p:484,514 
7961 c:3.1414,0,1 w:0.0013,0.0002,-0.0004 q:0.999857,0.010346,0.007158 0.010916 wh:392,391,392,394 p:482,512 
8080 c:3.1414,0,1 w:-0.0018,-0.0047,-0.0019 q:0.999854,0.010493,0.007272 0.010959 wh:401,399,399,400 p:473,517 
8197 c:3.1414,0,1 w:-0.0018,-0.0047,-0.0019 q:0.999854,0.010493,0.007272 0.010959 wh:401,399,399,400 p:473,517 
8313 c:3.1414,0,1 w:-0.0047,0.0132,-0.4129 q:0.999905,0.010853,0.007719 -0.001952 wh:414,414,413,415 p:472,522 
8431 c:3.1414,0,1 w:0.0046,-0.0971,0.0228 q:0.999846,0.010467,0.004668 -0.012982 wh:422,421,423,423 p:555,536 
8548 c:3.1414,0,1 w:0.0046,-0.0971,0.0228 q:0.999846,0.010467,0.004668 -0.012982 wh:422,421,423,423 p:555,536 
8668 c:3.1414,0,1 w:0.0014,-0.0030,-0.1643 q:0.999734,0.011255,0.006261 -0.018895 wh:428,429,430,427 p:568,540 
8784 c:3.1414,0,1 w:-0.0012,-0.0021,-0.0074 q:0.999711,0.011382,0.006034 -0.020098 wh:419,414,414,415 p:558,546 
8903 c:3.1414,0,1 w:-0.0012,-0.0021,-0.0074 q:0.999711,0.011382,0.006034 -0.020098 wh:419,414,414,415 p:558,546 
9021 c:3.1414,0,1 w:-0.0009,-0.0029,-0.0018 q:0.999707,0.011357,0.005981 -0.020328 wh:402,400,403,402 p:568,543 
9144 c:3.1414,0,1 w:-0.0027,-0.0021,-0.0004 q:0.999709,0.011258,0.005926 -0.020305 wh:395,391,394,393 p:568,545 
9261 c:3.1414,0,1 w:-0.0027,-0.0021,-0.0004 q:0.999709,0.011258,0.005926 -0.020305 wh:395,391,394,393 p:568,545 
9379 c:3.1414,0,1 w:-0.0001,-0.0001,-0.0015 q:0.999702,0.011527,0.005908 -0.020504 wh:376,375,377,375 p:568,546 
9498 c:3.1414,0,1 w:-0.0010,0.0046,0.0048 q:0.999705,0.011431,0.005971 -0.020359 wh:361,362,359,361 p:573,545 
9615 c:3.1414,0,1 w:0.0019,0.0014,-0.0009 q:0.999704,0.011403,0.006155 -0.020365 wh:355,354,352,351 p:570,546 
9735 c:3.1414,0,1 w:0.0019,0.0014,-0.0009 q:0.999704,0.011403,0.006155 -0.020365 wh:355,354,352,351 p:570,546 
9850 c:3.1414,0,1 w:-0.0004,0.0032,-0.0001 q:0.999704,0.011433,0.006232 -0.020353 wh:343,339,337,339 p:558,543 
9967 c:3.1414,0,1 w:-0.0003,-0.0009,-0.0009 q:0.999701,0.011452,0.006355 -0.020424 wh:326,323,323,325 p:571,549 
10086 c:3.1414,0,1 w:-0.0003,-0.0009,-0.0009 q:0.999701,0.011452,0.006355 -0.020424 wh:326,323,323,325 p:571,549 
10209 c:3.1414,0,1 w:0.0039,-0.0032,0.0017 q:0.999703,0.011553,0.006278 -0.020309 wh:314,314,315,316 p:562,545 
10326 c:3.1414,0,1 w:-0.0029,0.0006,-0.0003 q:0.999703,0.011501,0.006333 -0.020312 wh:304,304,303,300 p:571,547 
10444 c:3.1414,0,1 w:-0.0029,0.0006,-0.0003 q:0.999703,0.011501,0.006333 -0.020312 wh:304,304,303,300 p:571,547 
10563 c:3.1414,0,1 w:-0.0016,-0.0006,-0.0006 q:0.999699,0.011482,0.006375 -0.020531 wh:292,293,289,293 p:574,547 
10683 c:3.1414,0,1 w:-0.0041,0.0035,-0.0070 q:0.999704,0.011530,0.006489 -0.020184 wh:285,283,281,281 p:547,548 
10805 c:3.1414,0,1 w:-0.0049,0.0081,-0.0047 q:0.999706,0.011194,0.006859 -0.020185 wh:272,270,267,268 p:560,545 
10923 c:3.1414,0,1 w:-0.0049,0.0081,-0.0047 q:0.999706,0.011194,0.006859 -0.020185 wh:272,270,267,268 p:560,545 
11041 c:3.1414,0,1 w:0.0045,-0.0050,0.0052 q:0.999713,0.011182,0.006835 -0.019813 wh:260,261,258,256 p:543,544 
11159 c:3.1414,0,1 w:-0.0016,0.0026,-0.0045 q:0.999708,0.011476,0.006725 -0.019958 wh:258,256,251,255 p:572,549 
11281 c:3.1414,0,1 w:-0.0016,0.0026,-0.0045 q:0.999708,0.011476,0.006725 -0.019958 wh:258,256,251,255 p:572,549 
11399 c:3.1414,0,1 w:0.0003,0.0011,-0.0030 q:0.999707,0.011542,0.006771 -0.019977 wh:245,242,242,238 p:567,545 
11515 c:3.1414,0,1 w:-0.0067,-0.0029,0.0043 q:0.999710,0.011268,0.006796 -0.019943 wh:232,233,228,227 p:564,547 
11634 c:3.1414,0,1 w:-0.0067,-0.0029,0.0043 q:0.999710,0.011268,0.006796 -0.019943 wh:232,233,228,227 p:564,547 
11753 c:3.1414,0,1 w:-0.0041,-0.0006,-0.0019 q:0.999710,0.011324,0.006747 -0.019926 wh:228,231,224,224 p:560,547 
11876 c:3.1414,0,1 w:0.0061,-0.0004,0.0002 q:0.999711,0.011231,0.006771 -0.019925 wh:220,220,214,214 p:564,548 
11993 c:3.1414,0,1 w:0.0061,-0.0004,0.0002 q:0.999711,0.011231,0.006771 -0.019925 wh:220,220,214,214 p:564,548 
12110 c:3.1414,0,1 w:0.0016,0.0005,0.0049 q:0.999711,0.011538,0.006666 -0.019798 wh:211,209,205,205 p:552,546 
12227 c:3.1414,0,1 w:-0.0058,0.0064,0.0008 q:0.999712,0.011531,0.006704 -0.019715 wh:205,204,199,203 p:569,544 
12348 c:3.1414,0,1 w:0.0032,-0.0003,0.0025 q:0.999714,0.011497,0.006832 -0.019604 wh:195,196,189,191 p:569,551 
12465 c:3.1414,0,1 w:0.0032,-0.0003,0.0025 q:0.999714,0.011497,0.006832 -0.019604 wh:195,196,189,191 p:569,551 
12582 c:3.1414,0,1 w:-0.0029,0.0048,0.0014 q:0.999711,0.011620,0.006822 -0.019679 wh:184,187,182,184 p:575,547 
12699 c:3.1414,0,1 w:0.0025,0.0037,-0.0024 q:0.999708,0.011679,0.006961 -0.019760 wh:184,182,181,180 p:563,547 
12817 c:3.1414,0,1 w:0.0025,0.0037,-0.0024 q:0.999708,0.011679,0.006961 -0.019760 wh:184,182,181,180 p:563,547 
12938 c:3.1414,0,1 w:-0.0036,-0.0033,0.0039 q:0.999709,0.011670,0.006965 -0.019717 wh:175,175,170,171 p:555,548 
13056 c:3.1414,0,1 w:0.0060,0.0038,-0.0058 q:0.999704,0.011919,0.007143 -0.019776 wh:166,169,163,164 p:567,548 
13173 c:3.1414,0,1 w:0.0060,0.0038,-0.0058 q:0.999704,0.011919,0.007143 -0.019776 wh:166,169,163,164 p:567,548 
13291 c:3.1414,0,1 w:-0.0035,0.0032,0.0062 q:0.999703,0.012028,0.007191 -0.019726 wh:164,164,159,161 p:566,547 
13421 c:3.1414,0,1 w:-0.0097,0.0032,0.0075 q:0.999710,0.011806,0.007365 -0.019449 wh:160,161,157,155 p:572,545 
13538 c:3.1414,0,1 w:-0.0001,0.0014,0.0025 q:0.999720,0.011479,0.007615 -0.019037 wh:151,153,147,148 p:563,550 
13668 c:3.1414,0,1 w:-0.0001,0.0014,0.0025 q:0.999720,0.011479,0.007615 -0.019037 wh:151,153,147,148 p:563,550 
13785 c:3.1414,0,1 w:0.0020,0.0031,0.0005 q:0.999722,0.011401,0.007720 -0.018909 wh:147,149,145,144 p:564,546 
13901 c:3.1414,0,1 w:0.0032,-0.0039,-0.0009 q:0.999724,0.011317,0.007836 -0.018822 wh:146,146,143,141 p:564,546 
14023 c:3.1414,0,1 w:0.0032,-0.0039,-0.0009 q:0.999724,0.011317,0.007836 -0.018822 wh:146,146,143,141 p:564,546 
14141 c:3.1414,0,1 w:0.0003,0.0016,-0.0021 q:0.999718,0.011700,0.007826 -0.018887 wh:146,147,135,134 p:568,550 
14259 c:3.1414,0,1 w:0.0064,-0.0029,-0.0010 q:0.999713,0.012013,0.007774 -0.018992 wh:142,144,131,131 p:559,548 
14377 c:3.1414,0,1 w:-0.0081,0.0045,0.0036 q:0.999714,0.011918,0.007840 -0.018962 wh:143,141,133,129 p:568,549 
14498 c:3.1414,0,1 w:-0.0081,0.0045,0.0036 q:0.999714,0.011918,0.007840 -0.018962 wh:143,141,133,129 p:568,549 
14615 c:3.1414,0,1 w:0.0020,-0.0003,0.0017 q:0.999713,0.012114,0.007994 -0.018833 wh:140,140,127,126 p:567,546 
14733 c:3.1414,0,1 w:0.0058,-0.0042,0.0003 q:0.999711,0.012392,0.007923 -0.018814 wh:139,138,132,126 p:580,551 
14850 c:3.1414,0,1 w:0.0058,-0.0042,0.0003 q:0.999711,0.012392,0.007923 -0.018814 wh:139,138,132,126 p:580,551 
14967 c:3.1414,0,1 w:0.0069,-0.0018,-0.0003 q:0.999709,0.012378,0.008258 -0.018747 wh:137,135,124,124 p:550,547 
15090 c:3.1414,0,1 w:-0.0009,0.0000,0.0007 q:0.999708,0.012284,0.008501 -0.018767 wh:134,130,125,119 p:568,547 
15206 c:3.1414,0,1 w:-0.0009,0.0000,0.0007 q:0.999708,0.012284,0.008501 -0.018767 wh:134,130,125,119 p:568,547 
15324 c:3.1414,0,1 w:-0.0021,0.0032,0.0005 q:0.999705,0.012394,0.008701 -0.018739 wh:132,130,119,116 p:577,550 
15441 c:3.1414,0,1 w:-0.0012,0.0031,-0.0010 q:0.999705,0.012277,0.008964 -0.018698 wh:131,133,119,116 p:561,549 
15563 c:3.1414,0,1 w:-0.0082,0.0069,0.0033 q:0.999708,0.012101,0.009156 -0.018559 wh:129,129,117,113 p:579,550 
15680 c:3.1414,0,1 w:-0.0082,0.0069,0.0033 q:0.999708,0.012101,0.009156 -0.018559 wh:129,129,117,113 p:579,550 
15798 c:3.1414,0,1 w:0.0025,0.0019,-0.0006 q:0.999702,0.012479,0.009286 -0.018561 wh:128,131,118,113 p:571,547 
15915 c:3.1414,0,1 w:-0.0052,0.0071,0.0023 q:0.999702,0.012284,0.009612 -0.018531 wh:127,128,117,113 p:571,551 
16032 c:3.1414,0,1 w:-0.0052,0.0071,0.0023 q:0.999702,0.012284,0.009612 -0.018531 wh:127,128,117,113 p:571,551 
16153 c:3.1414,0,1 w:0.0064,-0.0015,0.0019 q:0.999703,0.012398,0.009591 -0.018419 wh:125,126,112,109 p:560,548 
16270 c:3.1414,0,1 w:-0.0006,-0.0023,0.0016 q:0.999702,0.012540,0.009536 -0.018398 wh:124,126,113,113 p:582,547 
16389 c:3.1414,0,1 w:-0.0006,-0.0023,0.0016 q:0.999702,0.012540,0.009536 -0.018398 wh:124,126,113,113 p:582,547 
16507 c:3.1414,0,1 w:0.0008,-0.0006,-0.0006 q:0.999700,0.012600,0.009694 -0.018375 wh:121,124,113,108 p:572,550 
16629 c:3.1414,0,1 w:0.0023,0.0035,-0.0021 q:0.999696,0.012703,0.009895 -0.018459 wh:122,120,112,108 p:569,549 
16746 c:3.1414,0,1 w:0.0000,-0.0015,0.0005 q:0.999696,0.012700,0.009884 -0.018434 wh:121,119,107,107 p:557,550 
16864 c:3.1414,0,1 w:0.0000,-0.0015,0.0005 q:0.999696,0.012700,0.009884 -0.018434 wh:121,119,107,107 p:557,550 
16982 c:3.1414,0,1 w:-0.0010,0.0005,-0.0007 q:0.999693,0.012845,0.009992 -0.018466 wh:120,121,107,107 p:574,547 
17100 c:3.1414,0,1 w:0.0022,0.0003,0.0000 q:0.999691,0.013025,0.010048 -0.018381 wh:116,121,105,106 p:570,552 
17220 c:3.1414,0,1 w:0.0022,0.0003,0.0000 q:0.999691,0.013025,0.010048 -0.018381 wh:116,121,105,106 p:570,552 
17335 c:3.1414,0,1 w:0.0052,0.0002,0.0020 q:0.999690,0.013187,0.010065 -0.018322 wh:115,118,104,104 p:574,548 
17452 c:3.1414,0,1 w:-0.0021,0.0012,0.0000 q:0.999690,0.013136,0.010158 -0.018307 wh:113,118,104,104 p:563,548 
17569 c:3.1414,0,1 w:-0.0021,0.0012,0.0000 q:0.999690,0.013136,0.010158 -0.018307 wh:113,118,104,104 p:563,548 
17690 c:3.1414,0,1 w:0.0008,-0.0006,0.0013 q:0.999688,0.013303,0.010261 -0.018228 wh:116,116,106,103 p:569,550 
17807 c:3.1414,0,1 w:0.0023,0.0034,0.0002 q:0.999684,0.013421,0.010516 -0.018239 wh:115,113,105,100 p:560,550 
17924 c:3.1414,0,1 w:-0.0001,-0.0006,0.0002 q:0.999685,0.013403,0.010579 -0.018160 wh:112,116,102,98 p:567,549 
18040 c:3.1414,0,1 w:-0.0001,-0.0006,0.0002 q:0.999685,0.013403,0.010579 -0.018160 wh:112,116,102,98 p:567,549 
18158 c:3.1414,0,1 w:0.0006,0.0028,0.0010 q:0.999682,0.013535,0.010792 -0.018118 wh:108,112,102,96 p:571,546 
18277 c:3.1414,0,1 w:0.0026,0.0022,-0.0003 q:0.999676,0.013737,0.010960 -0.018154 wh:108,114,101,98 p:569,552 
18393 c:3.1414,0,1 w:0.0026,0.0022,-0.0003 q:0.999676,0.013737,0.010960 -0.018154 wh:108,114,101,98 p:569,552 
18509 c:3.1414,0,1 w:0.0026,0.0038,0.0025 q:0.999674,0.013875,0.011108 -0.018063 wh:108,109,96,95 p:564,549 
18624 c:3.1414,0,1 w:0.0005,0.0017,0.0002 q:0.999671,0.013989,0.011267 -0.018085 wh:107,107,100,95 p:564,548 
18739 c:3.1414,0,1 w:0.0005,0.0017,0.0002 q:0.999671,0.013989,0.011267 -0.018085 wh:107,107,100,95 p:564,548 
18859 c:3.1414,0,1 w:0.0011,-0.0007,-0.0006 q:0.999667,0.014190,0.011318 -0.018088 wh:107,108,98,92 p:557,550 
18973 c:3.1414,0,1 w:0.0042,0.0009,-0.0009 q:0.999663,0.014364,0.011435 -0.018106 wh:107,106,96,92 p:570,550 
19089 c:3.1414,0,1 w:0.0042,0.0009,-0.0009 q:0.999663,0.014364,0.011435 -0.018106 wh:107,106,96,92 p:570,550 
19205 c:3.1414,0,1 w:0.0016,0.0002,-0.0012 q:0.999661,0.014412,0.011464 -0.018176 wh:104,109,97,91 p:563,548 
19323 c:3.1414,0,1 w:0.0010,0.0002,-0.0001 q:0.999657,0.014579,0.011563 -0.018191 wh:104,107,96,91 p:562,547 
19438 c:3.1414,0,1 w:0.0037,0.0009,-0.0009 q:0.999654,0.014659,0.011687 -0.018230 wh:103,107,87,88 p:563,552 
19554 c:3.1414,0,1 w:0.0037,0.0009,-0.0009 q:0.999654,0.014659,0.011687 -0.018230 wh:103,107,87,88 p:563,552 
19670 c:3.1414,0,1 w:0.0003,0.0012,0.0007 q:0.999652,0.014669,0.011780 -0.018263 wh:99,51,44,44 p:557,550 
19781 c:3.1414,0,1 w:0.0022,0.0006,0.0005 q:0.999653,0.014638,0.011809 -0.018196 wh:69,45,44,44 p:564,549 
19898 c:3.1414,0,1 w:0.0022,0.0006,0.0005 q:0.999653,0.014638,0.011809 -0.018196 wh:69,45,44,44 p:564,549 
20008 c:3.1414,0,1 w:-0.0001,-0.0006,-0.0003 q:0.999655,0.014585,0.011743 -0.018158 wh:44,45,45,44 p:561,550 
20124 c:3.1414,0,1 w:0.0034,0.0031,0.0002 q:0.999653,0.014696,0.011868 -0.018139 wh:44,45,45,44 p:585,552 
20237 c:3.1414,0,1 w:0.0034,0.0031,0.0002 q:0.999653,0.014696,0.011868 -0.018139 wh:44,45,45,44 p:585,552 
20349 c:3.1414,0,1 w:0.0022,0.0012,0.0005 q:0.999652,0.014731,0.011928 -0.018126 wh:43,45,44,44 p:572,549 
20465 c:3.1414,0,1 w:-0.0010,0.0022,-0.0001 q:0.999649,0.014853,0.012046 -0.018103 wh:44,45,44,44 p:573,549 
20578 c:3.1414,0,1 w:-0.0010,0.0022,-0.0001 q:0.999649,0.014853,0.012046 -0.018103 wh:44,45,44,44 p:573,549 
20692 c:3.1414,0,1 w:-0.0016,-0.0004,0.0008 q:0.999648,0.014893,0.012154 -0.018057 wh:43,45,44,44 p:571,549 
20807 c:3.1414,0,1 w:0.0045,0.0020,0.0007 q:0.999643,0.015173,0.012322 -0.017983 wh:43,45,44,43 p:563,554 
20923 c:3.1414,0,1 w:0.0045,0.0020,0.0007 q:0.999643,0.015173,0.012322 -0.017983 wh:43,45,44,43 p:563,554 
21035 c:3.1414,0,1 w:-0.0003,0.0008,0.0016 q:0.999644,0.015109,0.012387 -0.017936 wh:44,44,44,44 p:568,547 
21148 c:3.1414,0,1 w:-0.0036,-0.0030,-0.0003 q:0.999646,0.015093,0.012337 -0.017882 wh:44,45,44,44 p:568,548 
21263 c:3.1414,0,1 w:0.0010,0.0009,0.0011 q:0.999646,0.015098,0.012344 -0.017836 wh:44,45,44,44 p:563,552 
21376 c:3.1414,0,1 w:0.0010,0.0009,0.0011 q:0.999646,0.015098,0.012344 -0.017836 wh:44,45,44,44 p:563,552 
21492 c:3.1414,0,1 w:-0.0003,-0.0023,-0.0007 q:0.999647,0.015099,0.012287 -0.017862 wh:43,45,44,43 p:558,550 
21606 c:3.1414,0,1 w:0.0031,0.0031,0.0008 q:0.999643,0.015207,0.012397 -0.017895 wh:44,45,44,44 p:578,550 
21719 c:3.1414,0,1 w:0.0031,0.0031,0.0008 q:0.999643,0.015207,0.012397 -0.017895 wh:44,45,44,44 p:578,550 
21831 c:3.1414,0,1 w:0.0008,0.0009,-0.0013 q:0.999641,0.015317,0.012458 -0.017893 wh:44,45,44,44 p:555,548 
21944 c:3.1414,0,1 w:-0.0001,0.0017,-0.0006 q:0.999639,0.015385,0.012592 -0.017854 wh:44,45,44,44 p:548,553 
22063 c:3.1414,0,1 w:-0.0001,0.0017,-0.0006 q:0.999639,0.015385,0.012592 -0.017854 wh:44,45,44,44 p:548,553 
22175 c:3.1414,0,1 w:0.0017,0.0038,-0.0009 q:0.999633,0.015469,0.012783 -0.017936 wh:44,45,44,43 p:574,550 
22289 c:3.1414,0,1 w:-0.0007,-0.0009,-0.0010 q:0.999634,0.015495,0.012761 -0.017903 wh:43,45,44,43 p:571,549 
22405 c:3.1414,0,1 w:-0.0007,-0.0009,-0.0010 q:0.999634,0.015495,0.012761 -0.017903 wh:43,45,44,43 p:571,549 
22523 c:3.1414,0,1 w:-0.0012,0.0002,-0.0010 q:0.999630,0.015644,0.012836 -0.017952 wh:44,45,44,44 p:550,551 
22637 c:3.1414,0,1 w:0.0013,0.0009,0.0013 q:0.999630,0.015671,0.012859 -0.017880 wh:44,45,44,43 p:580,551 
22749 c:3.1414,0,1 w:0.0013,0.0009,0.0013 q:0.999630,0.015671,0.012859 -0.017880 wh:44,45,44,43 p:580,551 
22861 c:3.1414,0,1 w:0.0016,0.0000,0.0013 q:0.999630,0.015766,0.012833 -0.017848 wh:44,46,45,44 p:552,549 
22974 c:3.1414,0,1 w:-0.0018,-0.0007,0.0002 q:0.999631,0.015662,0.012794 -0.017905 wh:43,45,45,44 p:564,549 
23092 c:3.1414,0,1 w:-0.0018,-0.0007,0.0002 q:0.999631,0.015662,0.012794 -0.017905 wh:43,45,45,44 p:564,549 
23205 c:3.1414,0,1 w:-0.0009,0.0008,0.0007 q:0.999628,0.015801,0.012961 -0.017833 wh:44,45,45,44 p:564,553 
23319 c:3.1414,0,1 w:0.0028,0.0025,0.0014 q:0.999625,0.015986,0.013114 -0.017721 wh:44,45,44,43 p:569,552 
23431 c:3.1414,0,1 w:0.0010,0.0020,0.0019 q:0.999624,0.016050,0.013186 -0.017658 wh:44,45,44,44 p:557,550 
23543 c:3.1414,0,1 w:0.0010,0.0020,0.0019 q:0.999624,0.016050,0.013186 -0.017658 wh:44,45,44,44 p:557,550 
23660 c:3.1414,0,1 w:-0.0006,-0.0003,-0.0006 q:0.999621,0.016153,0.013281 -0.017659 wh:44,45,44,44 p:550,549 
23774 c:3.1414,0,1 w:0.0029,0.0043,-0.0003 q:0.999619,0.016229,0.013436 -0.017575 wh:43,45,44,43 p:564,553 
23887 c:3.1414,0,1 w:0.0029,0.0043,-0.0003 q:0.999619,0.016229,0.013436 -0.017575 wh:43,45,44,43 p:564,553 
24001 c:3.1414,0,1 w:0.0003,0.0014,-0.0001 q:0.999618,0.016197,0.013544 -0.017601 wh:43,45,44,44 p:552,551 
24118 c:3.1414,0,1 w:0.0008,0.0019,0.0017 q:0.999614,0.016285,0.013704 -0.017593 wh:44,45,44,44 p:574,551 
24229 c:3.1414,0,1 w:0.0008,0.0019,0.0017 q:0.999614,0.016285,0.013704 -0.017593 wh:44,45,44,44 p:574,551 
24341 c:3.1414,0,1 w:-0.0035,-0.0024,-0.0007 q:0.999614,0.016289,0.013684 -0.017643 wh:44,45,44,44 p:564,549 
24457 c:3.1414,0,1 w:-0.0012,-0.0010,-0.0013 q:0.999612,0.016326,0.013715 -0.017662 wh:43,45,44,43 p:577,555 
24572 c:3.1414,0,1 w:-0.0012,-0.0010,-0.0013 q:0.999612,0.016326,0.013715 -0.017662 wh:43,45,44,43 p:577,555 
24691 c:3.1414,0,1 w:0.0031,0.0042,0.0017 q:0.999612,0.016310,0.013825 -0.017614 wh:44,45,44,44 p:580,549 
24803 c:3.1414,0,1 w:-0.0009,-0.0020,-0.0016 q:0.999610,0.016383,0.013794 -0.017662 wh:44,45,45,44 p:563,549 
24919 c:3.1414,0,1 w:-0.0009,-0.0020,-0.0016 q:0.999610,0.016383,0.013794 -0.017662 wh:44,45,45,44 p:563,549 
25033 c:3.1414,0,1 w:0.0011,0.0011,-0.0010 q:0.999605,0.016577,0.013984 -0.017602 wh:44,45,44,44 p:564,551 
25147 c:3.1414,0,1 w:0.0010,0.0023,0.0011 q:0.999602,0.016702,0.014211 -0.017502 wh:43,45,44,43 p:563,551 
25263 c:3.1414,0,1 w:0.0023,0.0023,0.0011 q:0.999598,0.016814,0.014354 -0.017501 wh:44,45,44,44 p:576,550 
25374 c:3.1414,0,1 w:0.0023,0.0023,0.0008 q:0.999598,0.016814,0.014354 -0.017501 wh:44,45,44,44 p:576,550 
25487 c:3.1414,0,1 w:0.0006,0.0014,0.0003 q:0.999595,0.016915,0.014438 -0.017494 wh:44,45,44,44 p:561,548 
25600 c:3.1414,0,1 w:0.0017,0.0029,0.0008 q:0.999593,0.016993,0.014576 -0.017442 wh:44,45,44,43 p:569,553 
25711 c:3.1414,0,1 w:0.0017,0.0029,0.0008 q:0.999593,0.016993,0.014576 -0.017442 wh:44,45,44,43 p:569,553 
25822 c:3.1414,0,1 w:0.0025,0.0019,0.0007 q:0.999591,0.017063,0.014677 -0.017411 wh:43,45,44,45 p:580,551 
25936 c:3.1414,0,1 w:0.0010,0.0017,0.0002 q:0.999593,0.017015,0.014693 -0.017316 wh:43,45,44,44 p:566,551 
26049 c:3.1414,0,1 w:0.0010,0.0017,0.0002 q:0.999593,0.017015,0.014693 -0.017316 wh:43,45,44,44 p:566,551 
26161 c:3.1414,0,1 w:-0.0013,0.0006,0.0017 q:0.999595,0.016929,0.014747 -0.017265 wh:44,45,45,44 p:571,550 
26277 c:3.1414,0,1 w:0.0052,0.0014,0.0003 q:0.999589,0.017143,0.014849 -0.017259 wh:19216,15275,-15872,15031 p:562,553 
26402 c:3.1414,0,1 w:0.0052,0.0014,0.0003 q:0.999589,0.017143,0.014849 -0.017259 wh:19216,15275,-15872,15031 p:562,553 
26528 c:3.1414,0,1 w:0.0020,0.0000,0.0011 q:0.999589,0.017255,0.014875 -0.017172 wh:26848,15108,-12288,14310 p:574,551 
26677 c:3.1414,0,1 w:-0.0023,-0.0007,-0.0006 q:0.999588,0.017257,0.014947 -0.017172 wh:-11424,-17645,-2944,-17856 p:559,549 
26810 c:3.1414,0,1 w:0.0026,0.0008,-0.0001 q:0.999586,0.017338,0.014994 -0.017168 wh:29088,15148,25088,14927 p:576,554 
26935 c:3.1414,0,1 w:0.0026,0.0008,-0.0001 q:0.999586,0.017338,0.014994 -0.017168 wh:29088,15148,25088,14927 p:576,554 
27061 c:3.1414,0,1 w:0.0031,0.0028,-0.0003 q:0.999582,0.017463,0.015083 -0.017178 wh:30720,15178,-2944,15157 p:570,549 
27188 c:3.1414,0,1 w:-0.0036,-0.0003,0.0000 q:0.999582,0.017407,0.015164 -0.017140 wh:-6432,-17555,-18944,-18031 p:572,550 
27317 c:3.1414,0,1 w:0.0016,0.0035,0.0020 q:0.999581,0.017486,0.015277 -0.017043 wh:-15104,15052,-224,15207 p:563,553 
27445 c:3.1414,0,1 w:0.0016,0.0035,0.0020 q:0.999581,0.017486,0.015277 -0.017043 wh:-15104,15052,-224,15207 p:563,553 
27569 c:3.1414,0,1 w:0.0022,0.0016,-0.0003 q:0.999577,0.017591,0.015312 -0.017139 wh:27392,15118,-14784,15051 p:564,551 
27696 c:3.1414,0,1 w:0.0020,0.0005,0.0008 q:0.999573,0.017744,0.015410 -0.017095 wh:26848,15108,-24576,14846 p:568,550 
27822 c:3.1414,0,1 w:0.0020,0.0005,0.0008 q:0.999573,0.017744,0.015410 -0.017095 wh:26848,15108,-24576,14846 p:568,550 
27952 c:3.1414,0,1 w:-0.0012,0.0000,0.0007 q:0.999570,0.017843,0.015540 -0.017060 wh:-30592,-17765,-12288,14310 p:578,553 
28080 c:3.1414,0,1 w:0.0002,0.0006,0.0007 q:0.999567,0.017929,0.015680 -0.017050 wh:-4096,14660,22656,14887 p:575,552 
28205 c:3.1414,0,1 w:-0.0009,-0.0006,0.0010 q:0.999567,0.017923,0.015686 -0.017049 wh:0,-17817,-5120,-17896 p:569,551 
28328 c:3.1414,0,1 w:-0.0009,-0.0006,0.0010 q:0.999567,0.017923,0.015686 -0.017049 wh:0,-17817,-5120,-17896 p:569,551 
28457 c:3.1414,0,1 w:0.0011,0.0022,-0.0007 q:0.999560,0.018014,0.015872 -0.017147 wh:-18432,14992,-5184,15117 p:577,552 
28583 c:3.1414,0,1 w:-0.0058,0.0022,0.0014 q:0.999538,0.019156,0.015970 -0.017139 wh:640,-17475,-5184,15117 p:564,553 
28708 c:3.1414,0,1 w:0.0045,0.0020,0.0010 q:0.999535,0.019250,0.016050 -0.017105 wh:17840,15250,-5728,15107 p:562,551 
28833 c:3.1414,0,1 w:0.0045,0.0020,0.0010 q:0.999535,0.019250,0.016050 -0.017105 wh:17840,15250,-5728,15107 p:562,551 
28961 c:3.1414,0,1 w:-0.0035,-0.0029,-0.0010 q:0.999536,0.019187,0.016066 -0.017092 wh:-7008,-17565,23360,-17604 p:562,550 
29090 c:3.1414,0,1 w:0.0022,0.0017,0.0010 q:0.999532,0.019370,0.016200 -0.016998 wh:27392,15118,-13696,15071 p:575,554 
29216 c:3.1414,0,1 w:0.0022,0.0017,0.0010 q:0.999532,0.019370,0.016200 -0.016998 wh:27392,15118,-13696,15071 p:575,554 
29342 c:3.1414,0,1 w:0.0003,0.0016,0.0014 q:0.999530,0.019389,0.016298 -0.017011 wh:-30464,14770,-14784,15051 p:563,549 
29469 c:3.1414,0,1 w:0.0010,0.0020,0.0000 q:0.999526,0.019493,0.016467 -0.016975 wh:26496,14969,-5728,15107 p:572,550 
29597 c:3.1414,0,1 w:0.0003,-0.0006,0.0007 q:0.999524,0.019659,0.016548 -0.016843 wh:-30464,14770,-5120,-17896 p:565,554 
29724 c:3.1414,0,1 w:0.0003,-0.0006,0.0007 q:0.999524,0.019659,0.016548 -0.016843 wh:-30464,14770,-5120,-17896 p:565,554 
29852 c:3.1414,0,1 w:-0.0010,0.0002,0.0008 q:0.999524,0.019644,0.016592 -0.016798 wh:-31680,-17785,-1024,14652 p:561,551 
29981 c:3.1414,0,1 w:-0.0010,-0.0003,-0.0001 q:0.999521,0.019639,0.016717 -0.016823 wh:-31680,-17785,-18944,-18031 p:568,548 
30116 c:3.1414,0,1 w:0.0014,0.0019,0.0011 q:0.999515,0.019869,0.016955 -0.016708 wh:-16192,15032,-12544,15091 p:579,555 
30242 c:3.1414,0,1 w:0.0014,0.0019,0.0011 q:0.999515,0.019869,0.016955 -0.016708 wh:-16192,15032,-12544,15091 p:579,555 
30369 c:3.1414,0,1 w:0.0011,0.0019,0.0013 q:0.999511,0.019998,0.017010 -0.016696 wh:-18432,14992,-12544,15091 p:557,551 
30496 c:3.1414,0,1 w:0.0019,0.0012,0.0016 q:0.999511,0.020006,0.017064 -0.016680 wh:-12928,15092,-16960,15011 p:576,552 
30626 c:3.1414,0,1 w:0.0019,0.0012,0.0016 q:0.999511,0.020006,0.017064 -0.016680 wh:-12928,15092,-16960,15011 p:576,552 
30752 c:3.1414,0,1 w:-0.0007,-0.0006,0.0011 q:0.999511,0.020016,0.017080 -0.016621 wh:-2176,-17858,-5120,-17896 p:574,552 
30881 c:3.1414,0,1 w:0.0037,0.0031,-0.0004 q:0.999506,0.020139,0.017231 -0.016645 wh:-32608,15218,-1856,15177 p:549,553 
31008 c:3.1414,0,1 w:-0.0004,0.0014,0.0003 q:0.999501,0.020228,0.017376 -0.016653 wh:-13312,-17955,-15872,15031 p:560,551 
31140 c:3.1414,0,1 w:-0.0004,0.0014,0.0003 q:0.999501,0.020228,0.017376 -0.016653 wh:-13312,-17955,-15872,15031 p:560,551 
31268 c:3.1414,0,1 w:0.0000,-0.0003,-0.0012 q:0.999496,0.020350,0.017517 -0.016657 wh:14336,14355,-18944,-18031 p:580,552 
31398 c:3.1414,0,1 w:0.0020,0.0011,0.0014 q:0.999497,0.020330,0.017528 -0.016607 wh:26848,15108,-18048,14991 p:565,552 
31523 c:3.1414,0,1 w:-0.0006,0.0000,-0.0015 q:0.999495,0.020345,0.017541 -0.016694 wh:-4480,-17898,-12288,14310 p:577,551 
31656 c:3.1414,0,1 w:-0.0006,0.0000,-0.0015 q:0.999495,0.020345,0.017541 -0.016694 wh:-4480,-17898,-12288,14310 p:577,551 
31784 c:3.1414,0,1 w:0.0003,0.0026,-0.0004 q:0.999487,0.020496,0.017799 -0.016733 wh:-30464,14770,-3552,15147 p:562,550 
31911 c:3.1414,0,1 w:0.0008,0.0003,-0.0006 q:0.999484,0.020578,0.017912 -0.016701 wh:24320,14929,-28928,14766 p:571,554 
32037 c:3.1414,0,1 w:0.0008,0.0003,-0.0006 q:0.999484,0.020578,0.017912 -0.016701 wh:24320,14929,-28928,14766 p:571,554 
32168 c:3.1414,0,1 w:0.0016,0.0034,0.0017 q:0.999480,0.020590,0.018021 -0.016782 wh:-15104,15052,-768,15197 p:552,549 
32292 c:3.1414,0,1 w:-0.0001,0.0005,-0.0015 q:0.999477,0.020632,0.018142 -0.016794 wh:-22528,-18186,-24576,14846 p:581,550 
32422 c:3.1414,0,1 w:0.0026,0.0012,0.0003 q:0.999471,0.020791,0.018261 -0.016841 wh:29088,15148,-16960,15011 p:572,553 
32548 c:3.1414,0,1 w:0.0026,0.0012,0.0003 q:0.999471,0.020791,0.018261 -0.016841 wh:29088,15148,-16960,15011 p:572,553 
32674 c:3.1414,0,1 w:0.0029,0.0026,0.0014 q:0.999467,0.020900,0.018369 -0.016827 wh:30176,15168,-3552,15147 p:573,549 
32802 c:3.1414,0,1 w:-0.0015,-0.0017,-0.0006 q:0.999465,0.020971,0.018392 -0.016811 wh:-28352,-17725,-27520,-17704 p:566,549 
32933 c:3.1414,0,1 w:0.0002,0.0014,0.0003 q:0.999461,0.021073,0.018513 -0.016779 wh:-4096,14660,-15872,15031 p:567,554 
33059 c:3.1414,0,1 w:0.0002,0.0014,0.0003 q:0.999461,0.021073,0.018513 -0.016779 wh:-4096,14660,-15872,15031 p:567,554 
33185 c:3.1414,0,1 w:0.0035,0.0023,0.0003 q:0.999458,0.021133,0.018618 -0.016769 wh:32384,15208,-4640,15127 p:569,551 
33314 c:3.1414,0,1 w:0.0000,0.0002,0.0019 q:0.999454,0.021282,0.018745 -0.016681 wh:14336,14355,-1024,14652 p:580,550 
33438 c:3.1414,0,1 w:-0.0007,0.0016,0.0016 q:0.999450,0.021371,0.018910 -0.016608 wh:-2176,-17858,-14784,15051 p:566,553 
33566 c:3.1414,0,1 w:-0.0007,0.0016,0.0016 q:0.999450,0.021371,0.018910 -0.016608 wh:-2176,-17858,-14784,15051 p:566,553 
33693 c:3.1414,0,1 w:-0.0018,-0.0004,0.0002 q:0.999452,0.021319,0.019010 -0.016488 wh:-26112,-17685,-14592,-17951 p:561,552 
33828 c:3.1414,0,1 w:0.0014,0.0025,-0.0016 q:0.999447,0.021379,0.019134 -0.016571 wh:-16192,15032,-4096,15137 p:578,551 
33954 c:3.1414,0,1 w:0.0014,0.0025,-0.0016 q:0.999447,0.021379,0.019134 -0.016571 wh:-16192,15032,-4096,15137 p:578,551 
34081 c:3.1414,0,1 w:0.0011,0.0008,-0.0012 q:0.999440,0.021516,0.019310 -0.016579 wh:-18432,14992,25088,14927 p:567,552 
34208 c:3.1414,0,1 w:0.0032,0.0029,0.0008 q:0.999433,0.021763,0.019482 -0.016518 wh:31264,15188,-2400,15167 p:570,553 
34336 c:3.1414,0,1 w:0.0014,0.0012,0.0011 q:0.999431,0.021807,0.019585 -0.016440 wh:-16192,15032,-16960,15011 p:573,551 
34462 c:3.1414,0,1 w:0.0014,0.0012,0.0011 q:0.999431,0.021807,0.019585 -0.016440 wh:-16192,15032,-16960,15011 p:573,551 
34589 c:3.1414,0,1 w:-0.0001,0.0020,0.0000 q:0.999429,0.021799,0.019666 -0.016451 wh:-22528,-18186,-5728,15107 p:577,552 
34717 c:3.1414,0,1 w:0.0010,0.0022,0.0003 q:0.999423,0.021962,0.019850 -0.016370 wh:26496,14969,-5184,15117 p:564,552 
34855 c:3.1414,0,1 w:0.0025,0.0026,0.0005 q:0.999419,0.022076,0.019958 -0.016326 wh:28512,15138,-3552,15147 p:571,553 
34981 c:3.1414,0,1 w:0.0025,0.0026,0.0005 q:0.999419,0.022076,0.019958 -0.016326 wh:28512,15138,-3552,15147 p:571,553 
35107 c:3.1414,0,1 w:-0.0033,-0.0024,-0.0003 q:0.999422,0.021953,0.019938 -0.016334 wh:-7552,-17575,21696,-17634 p:568,550 
35238 c:3.1414,0,1 w:0.0013,0.0012,-0.0003 q:0.999419,0.022020,0.020027 -0.016350 wh:-17344,15012,-16960,15011 p:575,555 
35368 c:3.1414,0,1 w:0.0017,0.0006,0.0002 q:0.999416,0.022075,0.020084 -0.016373 wh:-14016,15072,22656,14887 p:563,551 
35500 c:3.1414,0,1 w:0.0017,0.0006,0.0002 q:0.999416,0.022075,0.020084 -0.016373 wh:-14016,15072,22656,14887 p:563,551 
35627 c:3.1414,0,1 w:0.0010,0.0009,-0.0009 q:0.999411,0.022196,0.020223 -0.016350 wh:26496,14969,27264,14967 p:573,551 
35753 c:3.1414,0,1 w:0.0003,0.0012,-0.0010 q:0.999407,0.022287,0.020358 -0.016335 wh:-30464,14770,-16960,15011 p:567,553 
35884 c:3.1414,0,1 w:0.0003,0.0012,-0.0010 q:0.999407,0.022287,0.020358 -0.016335 wh:-30464,14770,-16960,15011 p:567,553 
36017 c:3.1414,0,1 w:0.0028,0.0032,0.0007 q:0.999407,0.022252,0.020370 -0.016340 wh:29632,15158,-1312,15187 p:572,550 
36143 c:3.1414,0,1 w:0.0006,0.0006,-0.0012 q:0.999399,0.022435,0.020580 -0.016299 wh:22016,14889,22656,14887 p:578,549 
36271 c:3.1414,0,1 w:0.0023,0.0014,0.0000 q:0.999392,0.022620,0.020763 -0.016286 wh:27936,15128,-15872,15031 p:554,556 
36398 c:3.1414,0,1 w:0.0023,0.0014,0.0000 q:0.999392,0.022620,0.020763 -0.016286 wh:27936,15128,-15872,15031 p:554,556 
36529 c:3.1414,0,1 w:0.0023,0.0031,0.0011 q:0.999390,0.022697,0.020833 -0.016199 wh:27936,15128,-1856,15177 p:574,549 
36655 c:3.1414,0,1 w:-0.0081,-0.0032,0.0033 q:0.999395,0.022573,0.020763 -0.016153 wh:44,45,44,44 p:573,550 
36770 c:3.1414,0,1 w:0.0170,-0.0001,0.1601 q:0.999448,0.023309,0.020806 -0.010907 wh:43,45,44,43 p:574,554 
36885 c:3.1414,0,1 w:0.0170,-0.0001,0.1601 q:0.999448,0.023309,0.020806 -0.010907 wh:43,45,44,43 p:574,554 
37000 c:3.1414,0,1 w:0.0104,-0.0026,0.4041 q:0.999503,0.021647,0.022320 0.004307 wh:44,45,44,44 p:577,554 
37117 c:3.1414,0,1 w:-0.0194,-0.0265,-0.4802 q:0.999472,0.023039,0.021870 0.006093 wh:44,45,44,43 p:566,552 
37233 c:3.1414,0,1 w:-0.0194,-0.0265,-0.4802 q:0.999472,0.023039,0.021870 0.006093 wh:44,45,44,43 p:566,552 
37349 c:3.1414,0,1 w:0.0014,0.0205,0.4032 q:0.998838,0.023353,0.025729 0.033268 wh:44,45,44,44 p:585,548 

Comms Startup 
553
578 c:3.1414,0,0 w:0.0000,0.0000,0.0000 q:0.000000,0.000000,0.000000 0.000000 wh:92,98,92,92 p:270,337 
692 c:3.1414,0,0 w:0.0000,0.0000,0.0000 q:0.000000,0.000000,0.000000 0.000000 wh:92,98,92,92 p:270,337 
801 c:3.1414,0,0 w:0.0000,0.0000,0.0000 q:0.000000,0.000000,0.000000 0.000000 wh:149,144,148,150 p:421,367 
916 c:3.1414,0,0 w:0.0000,0.0000,0.0000 q:0.000000,0.000000,0.000000 0.000000 wh:188,185,185,186 p:416,367 
1030 c:3.1414,0,0 w:0.0000,0.0000,0.0000 q:0.000000,0.000000,0.000000 0.000000 wh:188,185,185,186 p:416,367 
1145 c:3.1414,0,0 w:0.0000,0.0000,0.0000 q:0.000000,0.000000,0.000000 0.000000 wh:199,194,198,196 p:425,369 
1265 c:3.1414,0,0 w:0.0000,0.0000,0.0000 q:0.000000,0.000000,0.000000 0.000000 wh:221,218,222,220 p:452,375 
1380 c:3.1414,0,0 w:0.0000,0.0000,0.0000 q:0.000000,0.000000,0.000000 0.000000 wh:230,228,225,226 p:462,379 
1496 c:3.1414,0,0 w:0.0000,0.0000,0.0000 q:0.000000,0.000000,0.000000 0.000000 wh:230,228,225,226 p:462,379 
1611 c:3.1414,0,0 w:0.0000,0.0000,0.0000 q:0.000000,0.000000,0.000000 0.000000 wh:240,238,238,238 p:480,380 
1730 c:3.1414,0,0 w:0.0000,0.0000,0.0000 q:0.000000,0.000000,0.000000 0.000000 wh:249,244,245,247 p:486,382 
1845 c:3.1414,0,0 w:0.0000,0.0000,0.0000 q:0.000000,0.000000,0.000000 0.000000 wh:249,244,245,247 p:486,382 
1960 c:3.1414,0,0 w:0.0000,0.0000,0.0000 q:0.000000,0.000000,0.000000 0.000000 wh:251,247,250,249 p:493,383 
2076 c:3.1414,0,0 w:0.0000,0.0000,0.0000 q:0.000000,0.000000,0.000000 0.000000 wh:253,253,253,254 p:493,384 
2191 c:3.1414,0,0 w:0.0000,0.0000,0.0000 q:0.000000,0.000000,0.000000 0.000000 wh:253,253,253,254 p:493,384 
2310 c:3.1414,0,0 w:-0.0023,0.0014,-0.0008 q:0.999964,0.000114,0.000016 -0.007986 wh:263,257,261,260 p:492,384 
2429 c:3.1414,0,0 w:-0.0014,-0.0017,-0.0023 q:0.999963,0.000231,0.000071 -0.008045 wh:263,258,262,261 p:495,385 
2549 c:3.1414,0,0 w:0.0006,-0.0223,-0.0046 q:0.999964,-0.000055,-0.001081 -0.007839 wh:265,262,263,262 p:501,386 
2670 c:3.1414,0,0 w:0.0006,-0.0223,-0.0046 q:0.999964,-0.000055,-0.001081 -0.007839 wh:265,262,263,262 p:501,386 
2791 c:3.1414,0,0 w:-0.0423,-0.0018,-0.0265 q:0.999938,-0.003423,-0.001837 -0.009964 wh:266,260,262,263 p:504,386 
2916 c:3.1414,0,0 w:-0.0219,-0.0038,-0.0217 q:0.999914,-0.005140,-0.002306 -0.011457 wh:264,262,266,263 p:511,387 
3039 c:3.1414,0,0 w:-0.0219,-0.0038,-0.0217 q:0.999914,-0.005140,-0.002306 -0.011457 wh:264,262,266,263 p:511,387 
3161 c:3.1414,0,0 w:-0.0009,-0.0026,0.0018 q:0.999916,-0.005700,-0.002332 -0.010995 wh:264,265,264,268 p:517,387 
3281 c:3.1414,0,0 w:-0.0061,-0.0023,-0.0095 q:0.999903,-0.006250,-0.002727 -0.011750 wh:265,260,263,264 p:515,387 
3406 c:3.1414,0,0 w:-0.0193,-0.0493,0.0012 q:0.999878,-0.007655,-0.004409 -0.012583 wh:267,261,266,267 p:510,387 
3528 c:3.1414,0,0 w:-0.0193,-0.0493,0.0012 q:0.999878,-0.007655,-0.004409 -0.012583 wh:267,261,266,267 p:510,387 
3649 c:3.1414,0,0 w:-0.0189,-0.0542,-0.0257 q:0.999788,-0.010207,-0.010545 -0.014151 wh:267,264,269,267 p:506,388 
3771 c:3.1414,0,0 w:-0.0011,0.0073,-0.0239 q:0.999754,-0.010509,-0.011101 -0.015809 wh:269,264,269,268 p:519,388 
3896 c:3.1414,0,0 w:-0.0011,0.0073,-0.0239 q:0.999754,-0.010509,-0.011101 -0.015809 wh:269,264,269,268 p:519,388 
4017 c:3.1414,0,0 w:0.0289,0.0290,0.0309 q:0.999813,-0.009157,-0.008163 -0.014680 wh:262,262,264,264 p:511,388 
4135 c:3.1414,0,0 w:0.0075,0.0009,0.0076 q:0.999850,-0.007874,-0.007720 -0.013010 wh:266,265,267,267 p:506,387 
4254 c:3.1414,0,0 w:0.0075,0.0009,0.0076 q:0.999850,-0.007874,-0.007720 -0.013010 wh:266,265,267,267 p:506,387 
4373 c:3.1414,0,0 w:-0.0160,0.0005,-0.0100 q:0.999838,-0.008470,-0.007581 -0.013612 wh:268,264,266,266 p:505,388 
4498 c:3.1414,0,0 w:-0.0171,0.0014,-0.0187 q:0.999794,-0.010469,-0.007497 -0.015416 wh:266,262,265,265 p:511,388 
4619 c:3.1414,0,0 w:0.0075,0.0063,-0.0085 q:0.999787,-0.010262,-0.007276 -0.016081 wh:266,262,265,266 p:517,388 
4739 c:3.1414,0,0 w:0.0075,0.0063,-0.0085 q:0.999787,-0.010262,-0.007276 -0.016081 wh:266,262,265,266 p:517,388 
4858 c:3.1414,0,0 w:0.0131,0.0162,-0.0127 q:0.999790,-0.009095,-0.005977 -0.017089 wh:272,268,270,271 p:506,388 
4982 c:3.1414,0,0 w:-0.0017,-0.0008,-0.0120 q:0.999776,-0.008690,-0.005383 -0.018273 wh:267,262,265,267 p:501,388 
5104 c:3.1414,0,0 w:-0.0017,-0.0008,-0.0120 q:0.999776,-0.008690,-0.005383 -0.018273 wh:267,262,265,267 p:501,388 
5226 c:3.1414,0,0 w:-0.0044,-0.0073,-0.0066 q:0.999751,-0.009262,-0.006059 -0.019164 wh:263,261,264,265 p:508,388 
5348 c:3.1414,0,0 w:0.0024,0.0040,-0.0098 q:0.999735,-0.009327,-0.006166 -0.019915 wh:264,262,265,265 p:498,388 
5468 c:3.1414,0,0 w:0.0043,0.0075,-0.0077 q:0.999730,-0.009002,-0.005794 -0.020424 wh:265,264,268,270 p:506,388 
5592 c:3.1414,0,1 w:0.0043,0.0075,-0.0077 q:0.999730,-0.009002,-0.005794 -0.020424 wh:265,264,268,270 p:506,388 
5711 c:3.1414,0,1 w:0.0145,0.0116,-0.0019 q:0.999739,-0.007881,-0.004757 -0.020721 wh:262,261,267,264 p:510,388 
5831 c:3.1414,0,1 w:-0.0070,-0.0034,-0.0057 q:0.999730,-0.007862,-0.004695 -0.021171 wh:265,263,264,267 p:506,388 
5953 c:3.1414,0,1 w:-0.0070,-0.0034,-0.0057 q:0.999730,-0.007862,-0.004695 -0.021171 wh:265,263,264,267 p:506,388 
6079 c:3.1414,0,1 w:-0.0211,-0.0081,-0.0088 q:0.999697,-0.009510,-0.005437 -0.021850 wh:270,264,270,268 p:505,389 
6201 c:3.1414,0,1 w:0.0172,0.0090,-0.0020 q:0.999688,-0.009294,-0.005208 -0.022419 wh:267,261,264,268 p:523,390 
6321 c:3.1414,0,1 w:0.0134,0.0087,-0.0078 q:0.999696,-0.007604,-0.004332 -0.022842 wh:261,259,261,262 p:518,391 
6440 c:3.1414,0,1 w:0.0134,0.0087,-0.0078 q:0.999696,-0.007604,-0.004332 -0.022842 wh:261,259,261,262 p:518,391 
6560 c:3.1414,0,1 w:-0.0121,-0.0006,-0.0327 q:0.999666,-0.007538,-0.004166 -0.024204 wh:256,254,256,256 p:510,391 
6686 c:3.1414,0,1 w:0.0061,0.0060,-0.0269 q:0.999599,-0.007830,-0.004225 -0.026738 wh:250,246,250,252 p:522,391 
6806 c:3.1414,0,1 w:0.0061,0.0060,-0.0269 q:0.999599,-0.007830,-0.004225 -0.026738 wh:250,246,250,252 p:522,391 
6926 c:3.1414,0,1 w:-0.0177,-0.0018,-0.0634 q:0.999467,-0.008461,-0.004294 -0.031096 wh:237,233,238,236 p:514,391 
7048 c:3.1414,0,1 w:0.0052,0.0133,-0.0720 q:0.999298,-0.007077,-0.003370 -0.036511 wh:229,224,229,229 p:519,391 
7172 c:3.1414,0,1 w:0.0052,0.0133,-0.0720 q:0.999298,-0.007077,-0.003370 -0.036511 wh:229,224,229,229 p:519,391 
7291 c:3.1414,0,1 w:0.0137,0.0069,-0.0740 q:0.999042,-0.005844,-0.002499 -0.043207 wh:223,222,222,224 p:520,391 
7411 c:3.1414,0,1 w:-0.0063,-0.0023,-0.0883 q:0.998671,-0.006012,-0.002361 -0.051045 wh:215,212,216,215 p:526,391 
7533 c:3.1414,0,1 w:-0.0112,-0.0018,-0.0957 q:0.998349,-0.006597,-0.002485 -0.056925 wh:204,199,202,203 p:523,391 
7655 c:3.1414,0,1 w:-0.0112,-0.0018,-0.0957 q:0.998349,-0.006597,-0.002485 -0.056925 wh:204,199,202,203 p:523,391 
7781 c:3.1414,0,1 w:-0.0014,0.0134,-0.1204 q:0.997684,-0.007190,-0.001643 -0.067560 wh:196,193,192,195 p:522,391 
7902 c:3.1414,0,1 w:0.0139,0.0166,-0.1256 q:0.996880,-0.005899,-0.000408 -0.078657 wh:192,187,187,187 p:521,391 
8022 c:3.1414,0,1 w:0.0139,0.0166,-0.1256 q:0.996880,-0.005899,-0.000408 -0.078657 wh:192,187,187,187 p:521,391 
8141 c:3.1414,0,1 w:-0.0101,0.0110,-0.1401 q:0.995826,-0.005920,0.000808 -0.091028 wh:181,182,179,179 p:511,391 
8265 c:3.1414,0,1 w:-0.0133,0.0034,-0.1476 q:0.994545,-0.007328,0.001071 -0.104001 wh:174,170,170,172 p:516,391 
8385 c:3.1414,0,1 w:0.0011,0.0044,-0.1572 q:0.992973,-0.007969,0.001563 -0.118028 wh:169,168,168,168 p:524,391 
8504 c:3.1414,0,1 w:0.0011,0.0044,-0.1572 q:0.992973,-0.007969,0.001563 -0.118028 wh:169,168,168,168 p:524,391 
8623 c:3.1414,0,1 w:0.0090,0.0136,-0.1667 q:0.991791,-0.007366,0.002024 -0.127608 wh:164,163,162,161 p:533,391 
8741 c:3.1414,0,1 w:0.0084,0.0179,-0.1760 q:0.989703,-0.006383,0.003401 -0.142922 wh:157,155,150,153 p:519,391 
8864 c:3.1414,0,1 w:0.0084,0.0179,-0.1760 q:0.989703,-0.006383,0.003401 -0.142922 wh:157,155,150,153 p:519,391 
8983 c:3.1414,0,1 w:-0.0162,0.0105,-0.1845 q:0.987241,-0.006926,0.004559 -0.158989 wh:154,149,149,151 p:506,391 
9103 c:3.1414,0,1 w:-0.0188,0.0032,-0.1971 q:0.984315,-0.008659,0.005099 -0.176111 wh:146,145,141,141 p:516,391 
9223 c:3.1414,0,1 w:-0.0188,0.0032,-0.1971 q:0.984315,-0.008659,0.005099 -0.176111 wh:146,145,141,141 p:516,391 
9347 c:3.1414,0,1 w:0.0014,0.0131,-0.2044 q:0.980906,-0.009073,0.005810 -0.194164 wh:140,137,134,134 p:522,391 
9465 c:3.1414,0,1 w:0.0110,0.0183,-0.2113 q:0.977121,-0.007989,0.006968 -0.212401 wh:135,132,134,131 p:525,391 
9584 c:3.1414,0,1 w:-0.0090,0.0136,-0.2195 q:0.972797,-0.008173,0.008418 -0.231343 wh:130,130,123,126 p:516,391 
9704 c:3.1414,0,1 w:-0.0090,0.0136,-0.2195 q:0.972797,-0.008173,0.008418 -0.231343 wh:130,130,123,126 p:516,391 
9824 c:3.1414,0,1 w:-0.0176,0.0099,-0.2290 q:0.969524,-0.009022,0.009121 -0.244643 wh:120,121,119,118 p:531,391 
9948 c:3.1414,0,1 w:-0.0105,0.0093,-0.2351 q:0.964170,-0.010207,0.009780 -0.264892 wh:120,121,114,115 p:521,391 
10067 c:3.1414,0,1 w:-0.0105,0.0093,-0.2351 q:0.964170,-0.010207,0.009780 -0.264892 wh:120,121,114,115 p:521,391 
10188 c:3.1414,0,1 w:0.0111,0.0162,-0.2407 q:0.958281,-0.009576,0.010463 -0.285459 wh:114,113,112,109 p:510,391 
10308 c:3.1414,0,1 w:-0.0000,0.0232,-0.2493 q:0.951661,-0.008830,0.012162 -0.306767 wh:110,108,105,103 p:514,391 
10433 c:3.1414,0,1 w:-0.0188,0.0119,-0.2562 q:0.944227,-0.009759,0.013753 -0.328850 wh:104,108,99,104 p:520,391 
10553 c:3.1414,0,1 w:-0.0188,0.0119,-0.2562 q:0.944227,-0.009759,0.013753 -0.328850 wh:104,108,99,104 p:520,391 
10673 c:3.1414,0,1 w:-0.0115,0.0060,-0.2639 q:0.936034,-0.011174,0.014618 -0.351416 wh:103,103,96,98 p:520,391 
10791 c:3.1414,0,1 w:0.0015,0.0121,-0.2699 q:0.930111,-0.011312,0.015093 -0.366781 wh:96,96,92,91 p:506,391 
10907 c:3.1414,0,1 w:0.0015,0.0121,-0.2699 q:0.930111,-0.011312,0.015093 -0.366781 wh:96,96,92,91 p:506,391 
11027 c:3.1414,0,1 w:0.0066,0.0250,-0.2714 q:0.920806,-0.010378,0.016417 -0.389526 wh:93,93,87,89 p:519,391 
11143 c:3.1414,0,1 w:-0.0109,0.0217,-0.2791 q:0.910658,-0.010283,0.018299 -0.412616 wh:87,88,84,83 p:509,391 
11259 c:3.1414,0,1 w:-0.0109,0.0217,-0.2791 q:0.910658,-0.010283,0.018299 -0.412616 wh:87,88,84,83 p:509,391 
11376 c:3.1414,0,1 w:-0.0162,0.0079,-0.2852 q:0.899548,-0.011735,0.019760 -0.436206 wh:85,86,80,81 p:509,391 
11496 c:3.1414,0,1 w:-0.0087,0.0078,-0.2882 q:0.891683,-0.012517,0.020275 -0.452024 wh:82,83,80,79 p:483,385 
11613 c:3.1414,0,1 w:0.0043,0.0205,-0.2681 q:0.879841,-0.012287,0.021110 -0.474631 wh:84,83,87,88 p:435,377 
11728 c:3.1414,0,1 w:0.0043,0.0205,-0.2681 q:0.879841,-0.012287,0.021110 -0.474631 wh:84,83,87,88 p:435,377 
11844 c:3.1414,0,1 w:0.0014,0.0223,-0.2351 q:0.869118,-0.011401,0.022604 -0.493948 wh:107,103,106,109 p:473,383 
11965 c:3.1414,0,1 w:-0.0125,0.0087,-0.2180 q:0.858807,-0.011764,0.023688 -0.511608 wh:114,113,116,113 p:495,385 
12089 c:3.1414,0,1 w:-0.0125,0.0087,-0.2180 q:0.858807,-0.011764,0.023688 -0.511608 wh:114,113,116,113 p:495,385 
12210 c:3.1414,0,1 w:-0.0186,0.0029,-0.2105 q:0.852095,-0.012948,0.024355 -0.522651 wh:127,123,125,123 p:478,383 
12332 c:3.1414,0,1 w:-0.0049,0.0096,-0.1952 q:0.842297,-0.013668,0.025071 -0.538249 wh:137,135,133,136 p:484,383 
12452 c:3.1414,0,1 w:-0.0049,0.0096,-0.1952 q:0.842297,-0.013668,0.025071 -0.538249 wh:137,135,133,136 p:484,383 
12577 c:3.1414,0,1 w:0.0038,0.0208,-0.1787 q:0.833176,-0.012769,0.025942 -0.552244 wh:141,142,141,142 p:479,383 
12697 c:3.1414,0,1 w:0.0047,0.0130,-0.1630 q:0.824556,-0.011985,0.026755 -0.565012 wh:156,153,151,152 p:469,384 
12817 c:3.1414,0,1 w:-0.0093,0.0017,-0.1494 q:0.816400,-0.012763,0.027513 -0.576683 wh:164,158,159,161 p:502,383 
12938 c:3.1414,0,1 w:-0.0093,0.0017,-0.1494 q:0.816400,-0.012763,0.027513 -0.576683 wh:164,158,159,161 p:502,383 
13059 c:3.1414,0,1 w:-0.0066,0.0005,-0.1406 q:0.811314,-0.013577,0.027872 -0.583781 wh:170,167,166,169 p:493,384 
13184 c:3.1414,0,1 w:0.0004,0.0096,-0.1322 q:0.804014,-0.013696,0.028360 -0.593768 wh:178,173,175,173 p:507,384 
13303 c:3.1414,0,1 w:0.0004,0.0096,-0.1322 q:0.804014,-0.013696,0.028360 -0.593768 wh:178,173,175,173 p:507,384 
13423 c:3.1414,0,1 w:0.0079,0.0157,-0.1198 q:0.797404,-0.012259,0.028612 -0.602635 wh:183,180,182,184 p:494,384 
13544 c:3.1414,0,1 w:-0.0154,0.0047,-0.1134 q:0.791290,-0.012028,0.029096 -0.610623 wh:188,184,187,187 p:484,384 
13668 c:3.1414,0,1 w:-0.0180,-0.0050,-0.1037 q:0.785271,-0.013791,0.029736 -0.618277 wh:196,194,192,195 p:491,385 
13804 c:3.1414,0,1 w:-0.0180,-0.0050,-0.1037 q:0.785271,-0.013791,0.029736 -0.618277 wh:196,194,192,195 p:491,385 
13935 c:3.1414,0,1 w:0.0079,0.0063,-0.0912 q:0.779944,-0.013549,0.029773 -0.624987 wh:201,201,200,201 p:495,384 
14056 c:3.1414,0,1 w:0.0179,0.0156,-0.0822 q:0.776714,-0.012552,0.029747 -0.629019 wh:206,200,204,202 p:486,385 
14176 c:3.1414,0,1 w:0.0085,0.0134,-0.0744 q:0.772247,-0.011059,0.029986 -0.634511 wh:208,206,208,209 p:494,385 
14299 c:3.1414,0,1 w:0.0085,0.0134,-0.0744 q:0.772247,-0.011059,0.029986 -0.634511 wh:208,206,208,209 p:494,385 
14418 c:3.1414,0,1 w:-0.0240,0.0009,-0.0802 q:0.767791,-0.011840,0.030938 -0.639837 wh:219,217,214,218 p:493,385 
14540 c:3.1414,0,1 w:0.0061,-0.0058,-0.0570 q:0.764138,-0.012392,0.030611 -0.644201 wh:216,213,216,215 p:504,386 
14661 c:3.1414,0,1 w:0.0061,-0.0058,-0.0570 q:0.764138,-0.012392,0.030611 -0.644201 wh:216,213,216,215 p:504,386 
14785 c:3.1414,0,1 w:-0.0040,0.0133,-0.0740 q:0.760087,-0.012282,0.031205 -0.648949 wh:223,218,223,222 p:504,386 
14907 c:3.1414,0,1 w:0.0105,0.0061,-0.0474 q:0.757956,-0.010974,0.030991 -0.651470 wh:223,224,225,226 p:497,386 
15027 c:3.1414,0,1 w:-0.0142,0.0125,-0.0610 q:0.754644,-0.010674,0.031888 -0.655266 wh:226,226,229,227 p:505,386 
15148 c:3.1414,0,1 w:-0.0142,0.0125,-0.0610 q:0.754644,-0.010674,0.031888 -0.655266 wh:226,226,229,227 p:505,386 
15268 c:3.1414,0,1 w:-0.0246,-0.0044,-0.0567 q:0.752017,-0.011451,0.032174 -0.658251 wh:230,228,230,231 p:493,386 
15393 c:3.1414,0,1 w:-0.0099,-0.0014,-0.0537 q:0.749156,-0.011652,0.031907 -0.661515 wh:230,230,233,231 p:505,386 
15516 c:3.1414,0,1 w:-0.0099,-0.0014,-0.0537 q:0.749156,-0.011652,0.031907 -0.661515 wh:230,230,233,231 p:505,386 
15638 c:3.1414,0,1 w:0.0105,0.0134,-0.0448 q:0.747017,-0.010200,0.031254 -0.663985 wh:235,233,235,236 p:509,387 
15758 c:3.1414,0,1 w:0.0146,0.0130,-0.0239 q:0.744890,-0.010093,0.032165 -0.666329 wh:238,234,238,236 p:491,386 
15882 c:3.1414,0,1 w:-0.0180,-0.0032,-0.0359 q:0.743014,-0.010528,0.032901 -0.668377 wh:240,234,238,238 p:501,387 
16004 c:3.1414,0,1 w:-0.0180,-0.0032,-0.0359 q:0.743014,-0.010528,0.032901 -0.668377 wh:240,234,238,238 p:501,387 
16125 c:3.1414,0,1 w:-0.0049,-0.0044,-0.0292 q:0.741680,-0.011300,0.033136 -0.669833 wh:240,238,240,242 p:495,387 
16248 c:3.1414,0,1 w:0.0104,0.0001,-0.0253 q:0.740152,-0.011107,0.032571 -0.671552 wh:242,242,241,243 p:513,387 
16368 c:3.1414,0,1 w:0.0104,0.0001,-0.0253 q:0.740152,-0.011107,0.032571 -0.671552 wh:242,242,241,243 p:513,387 
16491 c:3.1414,0,1 w:0.0069,0.0107,-0.0285 q:0.738409,-0.009964,0.032517 -0.673489 wh:243,242,243,247 p:500,387 
16612 c:3.1414,0,1 w:-0.0154,0.0092,-0.0291 q:0.736735,-0.009892,0.033568 -0.675269 wh:246,243,243,244 p:509,387 
16733 c:3.1414,0,1 w:0.0214,0.0049,-0.0121 q:0.735600,-0.009982,0.033685 -0.676498 wh:243,240,241,244 p:504,387 
16852 c:3.1414,0,1 w:0.0214,0.0049,-0.0121 q:0.735600,-0.009982,0.033685 -0.676498 wh:243,240,241,244 p:504,387 
16976 c:3.1414,0,1 w:0.0218,0.0017,-0.0095 q:0.734900,-0.009034,0.032851 -0.677312 wh:248,246,248,247 p:512,388 
17096 c:3.1414,0,1 w:0.0221,0.0107,-0.0143 q:0.734093,-0.007000,0.031841 -0.678259 wh:248,245,245,246 p:499,388 
17217 c:3.1414,0,1 w:0.0221,0.0107,-0.0143 q:0.734093,-0.007000,0.031841 -0.678259 wh:248,245,245,246 p:499,388 
17337 c:3.1414,0,1 w:0.0148,0.0114,-0.0129 q:0.733658,-0.005545,0.031519 -0.678759 wh:246,241,244,246 p:504,388 
17457 c:3.1414,0,1 w:-0.0258,-0.0011,-0.0248 q:0.732402,-0.006335,0.032706 -0.680051 wh:247,241,248,247 p:504,388 
17583 c:3.1414,0,1 w:-0.0258,-0.0011,-0.0248 q:0.730939,-0.007859,0.033489 -0.680051 wh:247,241,248,247 p:518,388 
17704 c:3.1414,0,1 w:-0.0180,-0.0079,-0.0249 q:0.730939,-0.007859,0.033489 -0.681569 wh:250,246,248,250 p:518,388 
17827 c:3.1414,0,1 w:0.0307,0.0006,-0.0052 q:0.730263,-0.007079,0.032299 -0.682359 wh:244,243,248,245 p:514,389 
17947 c:3.1414,0,1 w:0.0160,0.0101,-0.0141 q:0.729740,-0.004553,0.032236 -0.682943 wh:244,241,245,245 p:520,389 
18071 c:3.1414,0,1 w:0.0160,0.0101,-0.0141 q:0.729740,-0.004553,0.032236 -0.682943 wh:244,241,245,245 p:520,389 
18191 c:3.1414,0,1 w:0.0044,0.0113,-0.0101 q:0.729022,-0.003437,0.032659 -0.683696 wh:252,250,250,251 p:512,389 
18311 c:3.1414,0,1 w:-0.0303,-0.0063,-0.0301 q:0.727352,-0.005152,0.033838 -0.685404 wh:246,245,246,247 p:519,388 
18433 c:3.1414,0,1 w:-0.0303,-0.0063,-0.0301 q:0.727352,-0.005152,0.033838 -0.685404 wh:246,245,246,247 p:519,388 
18554 c:3.1414,0,1 w:0.0221,-0.0032,0.0001 q:0.727013,-0.005073,0.033279 -0.685792 wh:246,243,243,246 p:506,388 
18678 c:3.1414,0,1 w:0.0246,0.0021,-0.0060 q:0.726689,-0.003573,0.031799 -0.686215 wh:247,243,247,246 p:518,388 
18798 c:3.1414,0,1 w:0.0195,0.0165,-0.0017 q:0.726289,-0.001622,0.031375 -0.686665 wh:245,244,245,250 p:503,388 
18919 c:3.1414,0,1 w:0.0195,0.0165,-0.0017 q:0.726289,-0.001622,0.031375 -0.686665 wh:245,244,245,250 p:503,388 
19039 c:3.1414,0,1 w:-0.0135,0.0061,-0.0159 q:0.725533,-0.001361,0.032380 -0.687417 wh:248,245,245,245 p:508,388 
19163 c:3.1414,0,1 w:-0.0044,-0.0040,-0.0153 q:0.724874,-0.001621,0.032671 -0.688098 wh:246,246,245,247 p:517,389 
19286 c:3.1414,0,1 w:-0.0044,-0.0040,-0.0153 q:0.724874,-0.001621,0.032671 -0.688098 wh:246,246,245,247 p:517,389 
19407 c:3.1414,0,1 w:0.0067,-0.0029,-0.0182 q:0.723902,-0.001686,0.032002 -0.689152 wh:253,244,244,248 p:512,389 
19528 c:3.1414,0,1 w:0.0024,0.0069,-0.0133 q:0.723016,-0.001081,0.031897 -0.690088 wh:248,245,245,247 p:520,389 
19652 c:3.1414,0,1 w:-0.0122,0.0082,-0.0135 q:0.722366,-0.001036,0.032704 -0.690730 wh:245,245,244,244 p:522,389 
19773 c:3.1414,0,1 w:-0.0122,0.0082,-0.0135 q:0.722366,-0.001036,0.032704 -0.690730 wh:245,245,244,244 p:522,389 
19894 c:3.1414,0,1 w:-0.0078,-0.0002,-0.0068 q:0.721788,-0.001742,0.033814 -0.691280 wh:244,242,245,248 p:512,388 
20016 c:3.1414,0,1 w:0.0101,-0.0052,-0.0075 q:0.721376,-0.001787,0.033246 -0.691736 wh:249,246,247,250 p:505,388 
20137 c:3.1414,0,1 w:0.0101,-0.0052,-0.0075 q:0.721376,-0.001787,0.033246 -0.691736 wh:249,246,247,250 p:505,388 
20261 c:3.1414,0,1 w:0.0232,0.0052,-0.0049 q:0.721037,-0.000610,0.032030 -0.692149 wh:246,245,246,246 p:507,388 
20382 c:3.1414,0,1 w:0.0017,0.0104,-0.0060 q:0.720777,0.000681,0.031924 -0.692425 wh:248,245,246,247 p:519,388 
20501 c:3.1414,0,1 w:0.0148,0.0144,0.0082 q:0.721004,0.002179,0.032316 -0.692167 wh:249,246,248,250 p:517,388 
20619 c:3.1414,0,1 w:0.0148,0.0144,0.0082 q:0.721004,0.002179,0.032316 -0.692167 wh:249,246,248,250 p:517,388 
20741 c:3.1414,0,1 w:0.0162,-0.0005,0.0021 q:0.721167,0.002978,0.031884 -0.692014 wh:251,247,248,251 p:519,389 
20859 c:3.1414,0,1 w:0.0240,-0.0053,0.0019 q:0.721421,0.003856,0.030674 -0.691800 wh:246,246,247,246 p:517,389 
20978 c:3.1414,0,1 w:0.0240,-0.0053,0.0019 q:0.721421,0.003856,0.030674 -0.691800 wh:246,246,247,246 p:517,389 
21097 c:3.1414,0,1 w:0.0282,0.0058,0.0102 q:0.721823,0.005701,0.029082 -0.691436 wh:250,246,252,253 p:507,389 
21215 c:3.1414,0,1 w:0.0029,0.0150,-0.0054 q:0.721844,0.007371,0.029123 -0.691397 wh:248,247,248,250 p:505,390 
21337 c:3.1414,0,1 w:0.0117,0.0116,0.0048 q:0.721873,0.008702,0.029628 -0.691330 wh:247,244,250,248 p:515,390 
21455 c:3.1414,0,1 w:0.0117,0.0116,0.0048 q:0.721873,0.008702,0.029628 -0.691330 wh:247,244,250,248 p:515,390 
21573 c:3.1414,0,1 w:-0.0145,-0.0107,-0.0233 q:0.720901,0.007986,0.029715 -0.692348 wh:246,242,245,247 p:526,390 
21694 c:3.1414,0,1 w:0.0024,-0.0084,-0.0135 q:0.720209,0.007628,0.028806 -0.693110 wh:246,244,247,248 p:519,390 
21817 c:3.1414,0,1 w:0.0024,-0.0084,-0.0135 q:0.720209,0.007628,0.028806 -0.693110 wh:246,244,247,248 p:519,390 
21937 c:3.1414,0,1 w:0.0218,0.0185,0.0019 q:0.720141,0.009519,0.028222 -0.693182 wh:240,241,243,242 p:528,390 
22055 c:3.1414,0,1 w:0.0093,0.0174,-0.0019 q:0.720055,0.010753,0.028521 -0.693241 wh:244,246,247,245 p:514,390 
22174 c:3.1414,0,1 w:0.0093,0.0174,-0.0019 q:0.720055,0.010753,0.028521 -0.693241 wh:244,246,247,245 p:514,390 
22293 c:3.1414,0,1 w:0.0110,0.0047,-0.0028 q:0.719799,0.011778,0.028653 -0.693484 wh:244,241,241,243 p:517,389 
22416 c:3.1414,0,1 w:-0.0054,-0.0102,-0.0237 q:0.718478,0.010857,0.028530 -0.694873 wh:243,241,241,240 p:521,389 
22537 c:3.1414,0,1 w:0.0130,-0.0031,-0.0037 q:0.718118,0.011203,0.027294 -0.695290 wh:243,241,243,243 p:516,389 
22657 c:3.1414,0,1 w:0.0130,-0.0031,-0.0037 q:0.718118,0.011203,0.027294 -0.695290 wh:243,241,243,243 p:516,389 
22776 c:3.1414,0,1 w:0.0011,0.0194,-0.0112 q:0.717340,0.012356,0.028048 -0.696043 wh:241,244,249,248 p:508,388 
22895 c:3.1414,0,1 w:-0.0089,0.0046,-0.0109 q:0.716560,0.012614,0.029256 -0.696791 wh:246,240,243,242 p:509,388 
23013 c:3.1414,0,1 w:-0.0089,0.0046,-0.0109 q:0.716560,0.012614,0.029256 -0.696791 wh:246,240,243,242 p:509,388 
23134 c:3.1414,0,1 w:-0.0051,-0.0075,-0.0086 q:0.716205,0.012101,0.029255 -0.697165 wh:243,241,241,241 p:502,388 
23256 c:3.1414,0,1 w:0.0198,-0.0047,0.0012 q:0.715886,0.011980,0.028288 -0.697535 wh:245,242,245,246 p:494,389 
23374 c:3.1414,0,1 w:0.0238,0.0125,0.0080 q:0.716108,0.013559,0.027357 -0.697315 wh:245,243,247,245 p:510,389 
23495 c:3.1414,0,1 w:0.0238,0.0125,0.0080 q:0.716108,0.013559,0.027357 -0.697315 wh:245,243,247,245 p:510,389 
23613 c:3.1414,0,1 w:-0.0066,0.0156,-0.0065 q:0.716212,0.015244,0.027861 -0.697154 wh:244,239,243,246 p:513,389 
23734 c:3.1414,0,1 w:0.0052,0.0041,-0.0034 q:0.715934,0.015839,0.028329 -0.697407 wh:247,240,245,244 p:506,389 
23853 c:3.1414,0,1 w:0.0052,0.0041,-0.0034 q:0.715934,0.015839,0.028329 -0.697407 wh:247,240,245,244 p:506,389 
23971 c:3.1414,0,1 w:-0.0170,-0.0163,-0.0205 q:0.714956,0.014019,0.028377 -0.698447 wh:246,242,246,242 p:501,390 
24095 c:3.1414,0,1 w:0.0247,-0.0002,0.0073 q:0.715153,0.014603,0.027335 -0.698275 wh:247,247,250,245 p:512,389 
24214 c:3.1414,0,1 w:0.0247,-0.0002,0.0073 q:0.715153,0.014603,0.027335 -0.698275 wh:247,247,250,245 p:512,389 
24333 c:3.1414,0,1 w:0.0218,0.0179,0.0067 q:0.715420,0.016485,0.026817 -0.697980 wh:241,240,242,241 p:508,389 
24452 c:3.1414,0,1 w:-0.0260,0.0060,-0.0239 q:0.714444,0.016519,0.028384 -0.698916 wh:244,241,244,245 p:516,389 
24574 c:3.1414,0,1 w:0.0224,-0.0015,0.0073 q:0.713877,0.016167,0.028624 -0.699493 wh:245,240,244,243 p:522,389 
24693 c:3.1414,0,1 w:0.0224,-0.0015,0.0073 q:0.713877,0.016167,0.028624 -0.699493 wh:245,240,244,243 p:522,389 
24813 c:3.1414,0,1 w:0.0220,-0.0112,-0.0091 q:0.713846,0.016778,0.026956 -0.699576 wh:242,241,241,241 p:515,389 
24933 c:3.1414,0,1 w:0.0043,0.0055,-0.0086 q:0.713312,0.016973,0.026762 -0.700123 wh:238,239,242,240 p:520,389 
25052 c:3.1414,0,1 w:0.0043,0.0055,-0.0086 q:0.713312,0.016973,0.026762 -0.700123 wh:238,239,242,240 p:520,389 
25174 c:3.1414,0,1 w:-0.0006,0.0150,-0.0046 q:0.712813,0.016985,0.027642 -0.700597 wh:242,241,241,245 p:521,389 
25294 c:3.1414,0,1 w:-0.0054,0.0052,-0.0089 q:0.712311,0.017502,0.028470 -0.701062 wh:242,240,243,243 p:514,389 
25414 c:3.1414,0,1 w:0.0156,-0.0086,0.0035 q:0.712541,0.018121,0.027415 -0.700855 wh:239,239,241,243 p:509,389 
25533 c:3.1414,0,1 w:0.0156,-0.0086,0.0035 q:0.712541,0.018121,0.027415 -0.700855 wh:239,239,241,243 p:509,389 
25655 c:3.1414,0,1 w:-0.0080,-0.0047,-0.0153 q:0.711876,0.017615,0.027091 -0.701555 wh:241,240,244,242 p:503,389 
25776 c:3.1414,0,1 w:-0.0002,0.0069,0.0003 q:0.711522,0.017482,0.027501 -0.701902 wh:241,239,241,245 p:507,389 
25895 c:3.1414,0,1 w:-0.0002,0.0069,0.0003 q:0.711522,0.017482,0.027501 -0.701902 wh:241,239,241,245 p:507,389 
26014 c:3.1414,0,1 w:0.0056,0.0140,-0.0026 q:0.711483,0.018658,0.027998 -0.701891 wh:243,243,245,246 p:514,389 
26133 c:3.1414,0,1 w:-0.0006,-0.0000,-0.0056 q:0.711204,0.018944,0.028182 -0.702159 wh:245,244,248,244 p:501,389 
26257 c:3.1414,0,1 w:0.0035,-0.0000,-0.0056 q:0.711246,0.018986,0.027663 -0.702136 wh:245,241,246,244 p:508,389 
26378 c:3.1414,0,1 w:0.0035,-0.0081,0.0006 q:0.711246,0.018986,0.027663 -0.702136 wh:245,241,246,244 p:508,389 
26497 c:3.1414,0,1 w:0.0038,-0.0012,0.0003 q:0.711226,0.018798,0.027282 -0.702176 wh:246,242,245,244 p:503,388 
26615 c:3.1414,0,1 w:-0.0040,0.0044,-0.0150 q:0.710703,0.018585,0.027960 -0.702684 wh:244,243,244,244 p:507,389 
26738 c:3.1414,0,1 w:-0.0040,0.0044,-0.0150 q:0.710703,0.018585,0.027960 -0.702684 wh:244,243,244,244 p:507,389 
26858 c:3.1414,0,1 w:0.0496,-0.0002,0.0357 q:0.711395,0.021240,0.025905 -0.701988 wh:243,242,247,244 p:508,389 
26978 c:3.1414,0,1 w:0.1197,-0.1827,0.5804 q:0.734372,0.020154,0.011097 -0.678351 wh:246,243,248,248 p:522,389 
27097 c:3.1414,0,1 w:0.1197,-0.1827,0.5804 q:0.734372,0.020154,0.011097 -0.678351 wh:246,243,248,248 p:522,389 
27215 c:3.1414,0,1 w:-0.0606,-0.1970,1.5344 q:0.803645,0.006408,-0.005511 -0.595042 wh:245,241,244,244 p:522,390 
27355 c:3.1414,0,1 w:0.0904,0.2805,1.6697 q:0.884022,0.012151,0.002925 -0.467269 wh:243,242,244,247 p:532,391 
27472 c:3.1414,0,1 w:0.2643,0.2509,1.6723 q:0.924844,0.031400,0.010428 -0.378894 wh:238,240,241,241 p:505,391 
27598 c:3.1414,0,1 w:0.2643,0.2509,1.6723 q:0.924844,0.031400,0.010428 -0.378894 wh:238,240,241,241 p:505,391 
27716 c:3.1414,0,1 w:0.0899,-0.2117,1.6525 q:0.969166,0.046371,-0.005085 -0.241938 wh:233,229,232,233 p:525,391 
27840 c:3.1414,0,1 w:-0.0861,-0.2373,1.1001 q:0.992091,0.025347,-0.035859 -0.117550 wh:223,223,225,224 p:525,391 
27961 c:3.1414,0,1 w:0.0701,0.2656,0.3093 q:0.995926,0.039057,-0.026164 -0.076890 wh:218,212,214,218 p:525,391 
28080 c:3.1414,0,1 w:0.0701,0.2656,0.3093 q:0.995926,0.039057,-0.026164 -0.076890 wh:218,212,214,218 p:525,391 
